added_route_id,trip_id
116,42998134
117,42998134
116,42998136
117,42998136
116,42998139
117,42998139
116,42998141
117,42998141
116,42998144
117,42998144
116,42998146
117,42998146
116,42998149
117,42998149
116,42998151
117,42998151
116,42998154
117,42998154
116,42998155
117,42998155
116,42998158
117,42998158
116,42999644
117,42999644
116,42999646
117,42999646
116,42999649
117,42999649
116,42999651
117,42999651
116,42999654
117,42999654
116,42999656
117,42999656
116,42999659
117,42999659
116,42999661
117,42999661
116,42999664
117,42999664
116,42999665
117,42999665
116,42999668
117,42999668
116,42998111
117,42998111
116,42998112
117,42998112
116,42998113
117,42998113
116,42998114
117,42998114
116,42998115
117,42998115
116,42998116
117,42998116
116,42998117
117,42998117
116,42998118
117,42998118
116,42998119
117,42998119
116,42998120
117,42998120
116,42998121
117,42998121
116,42998122
117,42998122
116,42999621
117,42999621
116,42999622
117,42999622
116,42999623
117,42999623
116,42999624
117,42999624
116,42999625
117,42999625
116,42999626
117,42999626
116,42999627
117,42999627
116,42999628
117,42999628
116,42999629
117,42999629
116,42999630
117,42999630
116,42999631
117,42999631
116,42999632
117,42999632
214,42950133
216,42950133
214,42950156
216,42950156
214,42950157
216,42950157
214,42950158
216,42950158
214,42950159
216,42950159
214,42950160
216,42950160
214,42950161
216,42950161
214,42950162
216,42950162
214,42950163
216,42950163
214,42950186
216,42950186
214,42950187
216,42950187
214,42950199
216,42950199
214,42950220
216,42950220
214,42951724
216,42951724
214,42951731
216,42951731
214,42951754
216,42951754
214,42951756
216,42951756
214,42951760
216,42951760
214,42951763
216,42951763
214,42951765
216,42951765
214,42951766
216,42951766
214,42951828
216,42951828
214,42951839
216,42951839
214,42951861
216,42951861
214,42951867
216,42951867
214,42951898
216,42951898
214,42951936
216,42951936
214,42951938
216,42951938
214,42951944
216,42951944
214,42951946
216,42951946
214,42951961
216,42951961
214,42951965
216,42951965
214,42951969
216,42951969
214,42951973
216,42951973
214,42951975
216,42951975
214,42951983
216,42951983
214,42952091
216,42952091
214,42952092
216,42952092
214,42952098
216,42952098
214,42952114
216,42952114
214,42952115
216,42952115
214,42952116
216,42952116
214,42952117
216,42952117
214,42952122
216,42952122
214,42952126
216,42952126
214,42951734
216,42951734
214,42951937
216,42951937
214,42951939
216,42951939
214,42951945
216,42951945
214,42951953
216,42951953
214,42952095
216,42952095
214,42952099
216,42952099
214,42952103
216,42952103
214,42952104
216,42952104
214,42952109
216,42952109
214,42952110
216,42952110
214,42952111
216,42952111
214,42952112
216,42952112
214,42952123
216,42952123
214,42756026
216,42756026
214,42756030
216,42756030
214,42756047
216,42756047
214,42756048
216,42756048
214,42756050
216,42756050
214,42756061
216,42756061
214,42756070
216,42756070
214,42756081
216,42756081
214,42756083
216,42756083
214,42756086
216,42756086
214,42756090
216,42756090
214,42756162
216,42756162
214,42756164
216,42756164
214,42756166
216,42756166
214,42756170
216,42756170
214,42756171
216,42756171
214,42756173
216,42756173
214,42756175
216,42756175
214,42756179
216,42756179
214,42756181
216,42756181
214,42756183
216,42756183
214,42756270
216,42756270
214,42756292
216,42756292
214,42756294
216,42756294
214,42755217
216,42755217
214,42755224
216,42755224
214,42755247
216,42755247
214,42755249
216,42755249
214,42755253
216,42755253
214,42755256
216,42755256
214,42755258
216,42755258
214,42755259
216,42755259
214,42755321
216,42755321
214,42755332
216,42755332
214,42755354
216,42755354
214,42755360
216,42755360
214,42755391
216,42755391
214,42755429
216,42755429
214,42755431
216,42755431
214,42755437
216,42755437
214,42755439
216,42755439
214,42755454
216,42755454
214,42755458
216,42755458
214,42755462
216,42755462
214,42755466
216,42755466
214,42755468
216,42755468
214,42755476
216,42755476
214,42755584
216,42755584
214,42755585
216,42755585
214,42755591
216,42755591
214,42755607
216,42755607
214,42755608
216,42755608
214,42755609
216,42755609
214,42755610
216,42755610
214,42755615
216,42755615
214,42755619
216,42755619
214,42755227
216,42755227
214,42755430
216,42755430
214,42755432
216,42755432
214,42755438
216,42755438
214,42755446
216,42755446
214,42755588
216,42755588
214,42755592
216,42755592
214,42755596
216,42755596
214,42755597
216,42755597
214,42755602
216,42755602
214,42755603
216,42755603
214,42755604
216,42755604
214,42755605
216,42755605
214,42755616
216,42755616
214,42759331
216,42759331
214,42759354
216,42759354
214,42759355
216,42759355
214,42759356
216,42759356
214,42759357
216,42759357
214,42759358
216,42759358
214,42759359
216,42759359
214,42759360
216,42759360
214,42759361
216,42759361
214,42759384
216,42759384
214,42759385
216,42759385
214,42759397
216,42759397
214,42759418
216,42759418
24,42987573
27,42987573
24,42987575
27,42987575
24,42987577
27,42987577
24,42987579
27,42987579
24,42987581
27,42987581
24,42987583
27,42987583
24,42980648
27,42980648
24,42980649
27,42980649
24,42980650
27,42980650
24,42980651
27,42980651
24,42980652
27,42980652
24,42980653
27,42980653
24,42980654
27,42980654
24,42980655
27,42980655
24,42980656
27,42980656
24,42980657
27,42980657
24,42980658
27,42980658
24,42980659
27,42980659
24,42980660
27,42980660
24,42980661
27,42980661
24,42980662
27,42980662
24,42980663
27,42980663
24,42980664
27,42980664
24,42980665
27,42980665
24,42980666
27,42980666
24,42980858
27,42980858
24,42980860
27,42980860
24,42980862
27,42980862
24,42980864
27,42980864
24,42980866
27,42980866
24,42980868
27,42980868
24,42980870
27,42980870
24,42986123
27,42986123
24,42986278
27,42986278
24,42986411
27,42986411
24,42986412
27,42986412
24,42986413
27,42986413
24,42986414
27,42986414
24,42986415
27,42986415
24,42986416
27,42986416
24,42986417
27,42986417
24,42986418
27,42986418
24,42986419
27,42986419
24,42986420
27,42986420
24,42981980
27,42981980
24,42981981
27,42981981
24,42981982
27,42981982
24,42981983
27,42981983
24,42981984
27,42981984
24,42981985
27,42981985
24,42981986
27,42981986
24,42981987
27,42981987
24,42981988
27,42981988
24,42981989
27,42981989
24,42981990
27,42981990
24,42981991
27,42981991
24,42981992
27,42981992
24,42981993
27,42981993
24,42981994
27,42981994
24,42981995
27,42981995
24,42981996
27,42981996
24,42981997
27,42981997
24,42981998
27,42981998
24,42982190
27,42982190
24,42982192
27,42982192
24,42982194
27,42982194
24,42982196
27,42982196
24,42982198
27,42982198
24,42982200
27,42982200
24,42982202
27,42982202
24,42983628
27,42983628
24,42983630
27,42983630
24,42983632
27,42983632
24,42983634
27,42983634
24,42983636
27,42983636
24,42983638
27,42983638
24,42987572
27,42987572
24,42987574
27,42987574
24,42987576
27,42987576
24,42987578
27,42987578
24,42987580
27,42987580
24,42987582
27,42987582
24,42980626
27,42980626
24,42980627
27,42980627
24,42980628
27,42980628
24,42980629
27,42980629
24,42980630
27,42980630
24,42980631
27,42980631
24,42980632
27,42980632
24,42980633
27,42980633
24,42980634
27,42980634
24,42980635
27,42980635
24,42980636
27,42980636
24,42980637
27,42980637
24,42980639
27,42980639
24,42980640
27,42980640
24,42980641
27,42980641
24,42980642
27,42980642
24,42980643
27,42980643
24,42980644
27,42980644
24,42980645
27,42980645
24,42980646
27,42980646
24,42980859
27,42980859
24,42980861
27,42980861
24,42980863
27,42980863
24,42980865
27,42980865
24,42980867
27,42980867
24,42980869
27,42980869
24,42980647
27,42980647
24,42986156
27,42986156
24,42986400
27,42986400
24,42986401
27,42986401
24,42986402
27,42986402
24,42986403
27,42986403
24,42986404
27,42986404
24,42986405
27,42986405
24,42986406
27,42986406
24,42986407
27,42986407
24,42986408
27,42986408
24,42986409
27,42986409
24,42986410
27,42986410
24,42981958
27,42981958
24,42981959
27,42981959
24,42981960
27,42981960
24,42981961
27,42981961
24,42981962
27,42981962
24,42981963
27,42981963
24,42981964
27,42981964
24,42981965
27,42981965
24,42981966
27,42981966
24,42981967
27,42981967
24,42981968
27,42981968
24,42981969
27,42981969
24,42981971
27,42981971
24,42981972
27,42981972
24,42981973
27,42981973
24,42981974
27,42981974
24,42981975
27,42981975
24,42981976
27,42981976
24,42981977
27,42981977
24,42981978
27,42981978
24,42982191
27,42982191
24,42982193
27,42982193
24,42982195
27,42982195
24,42982197
27,42982197
24,42982199
27,42982199
24,42982201
27,42982201
24,42981979
27,42981979
24,42983627
27,42983627
24,42983629
27,42983629
24,42983631
27,42983631
24,42983633
27,42983633
24,42983635
27,42983635
24,42983637
27,42983637
32,42986973
33,42986973
32,42987000
33,42987000
32,42981443
33,42981443
32,42982775
33,42982775
32,42983059
33,42983059
32,42983086
33,42983086
40,42988314
50,42988314
40,42988325
50,42988325
40,42980752
50,42980752
40,42980753
50,42980753
40,42980755
50,42980755
40,42980758
50,42980758
40,42986263
50,42986263
40,42986264
50,42986264
40,42986265
50,42986265
40,42986266
50,42986266
40,42986267
50,42986267
40,42986268
50,42986268
40,42986269
50,42986269
40,42986270
50,42986270
40,42982084
50,42982084
40,42982085
50,42982085
40,42982087
50,42982087
40,42982090
50,42982090
40,42984353
50,42984353
40,42984363
50,42984363
40,42988295
50,42988295
40,42988298
50,42988298
40,42980754
50,42980754
40,42980756
50,42980756
40,42980757
50,42980757
40,42980759
50,42980759
40,42986262
50,42986262
40,42986271
50,42986271
40,42986272
50,42986272
40,42986273
50,42986273
40,42986274
50,42986274
40,42986275
50,42986275
40,42986276
50,42986276
40,42986277
50,42986277
40,42982086
50,42982086
40,42982088
50,42982088
40,42982089
50,42982089
40,42982091
50,42982091
40,42984334
50,42984334
40,42984337
50,42984337
441,42997968
442,42997968
441,42997971
442,42997971
441,42997979
442,42997979
441,42997980
442,42997980
441,42997989
442,42997989
441,42998001
442,42998001
441,42998006
442,42998006
441,42998013
442,42998013
441,42998017
442,42998017
441,42998018
442,42998018
441,42998022
442,42998022
441,42998023
442,42998023
441,42998025
442,42998025
441,42998028
442,42998028
441,42998034
442,42998034
441,42998035
442,42998035
441,42998042
442,42998042
441,42998049
442,42998049
441,42998054
442,42998054
441,42998062
442,42998062
441,42998072
442,42998072
441,42998082
442,42998082
441,42998085
442,42998085
441,42998090
442,42998090
441,42999481
442,42999481
441,42999484
442,42999484
441,42999492
442,42999492
441,42999493
442,42999493
441,42999502
442,42999502
441,42999514
442,42999514
441,42999519
442,42999519
441,42999526
442,42999526
441,42999530
442,42999530
441,42999531
442,42999531
441,42999535
442,42999535
441,42999536
442,42999536
441,42999538
442,42999538
441,42999541
442,42999541
441,42999547
442,42999547
441,42999548
442,42999548
441,42999555
442,42999555
441,42999562
442,42999562
441,42999567
442,42999567
441,42999575
442,42999575
441,42999585
442,42999585
441,42999595
442,42999595
441,42999598
442,42999598
441,42999603
442,42999603
441,42997974
442,42997974
441,42997986
442,42997986
441,42997991
442,42997991
441,42997993
442,42997993
441,42997995
442,42997995
441,42997998
442,42997998
441,42997999
442,42997999
441,42998002
442,42998002
441,42998008
442,42998008
441,42998010
442,42998010
441,42998012
442,42998012
441,42998014
442,42998014
441,42998026
442,42998026
441,42998029
442,42998029
441,42998033
442,42998033
441,42998039
442,42998039
441,42998045
442,42998045
441,42998047
442,42998047
441,42998048
442,42998048
441,42998051
442,42998051
441,42998052
442,42998052
441,42998055
442,42998055
441,42998059
442,42998059
441,42998067
442,42998067
441,42998080
442,42998080
441,42998088
442,42998088
441,42998429
442,42998429
441,42999487
442,42999487
441,42999499
442,42999499
441,42999504
442,42999504
441,42999506
442,42999506
441,42999508
442,42999508
441,42999511
442,42999511
441,42999512
442,42999512
441,42999515
442,42999515
441,42999521
442,42999521
441,42999523
442,42999523
441,42999525
442,42999525
441,42999527
442,42999527
441,42999539
442,42999539
441,42999542
442,42999542
441,42999546
442,42999546
441,42999552
442,42999552
441,42999558
442,42999558
441,42999560
442,42999560
441,42999561
442,42999561
441,42999564
442,42999564
441,42999565
442,42999565
441,42999568
442,42999568
441,42999572
442,42999572
441,42999580
442,42999580
441,42999593
442,42999593
441,42999601
442,42999601
441,42999928
442,42999928
62,42933144
76,42933144
62,42933146
76,42933146
62,42933148
76,42933148
62,42933150
76,42933150
62,42933152
76,42933152
62,42933154
76,42933154
62,42933159
76,42933159
62,42933161
76,42933161
62,42933163
76,42933163
62,42933165
76,42933165
62,42933169
76,42933169
62,42933171
76,42933171
62,42937635
76,42937635
62,42937637
76,42937637
62,42937639
76,42937639
62,42937641
76,42937641
62,42937643
76,42937643
62,42937645
76,42937645
62,42937650
76,42937650
62,42937652
76,42937652
62,42937654
76,42937654
62,42937656
76,42937656
62,42937660
76,42937660
62,42937662
76,42937662
62,42933145
76,42933145
62,42933147
76,42933147
62,42933149
76,42933149
62,42933151
76,42933151
62,42933153
76,42933153
62,42933155
76,42933155
62,42933158
76,42933158
62,42933160
76,42933160
62,42933162
76,42933162
62,42933164
76,42933164
62,42933166
76,42933166
62,42933170
76,42933170
62,42937636
76,42937636
62,42937638
76,42937638
62,42937640
76,42937640
62,42937642
76,42937642
62,42937644
76,42937644
62,42937646
76,42937646
62,42937649
76,42937649
62,42937651
76,42937651
62,42937653
76,42937653
62,42937655
76,42937655
62,42937657
76,42937657
62,42937661
76,42937661
741,43160893
742,43160893
743,43160893
741,43160894
742,43160894
743,43160894
741,43161129
742,43161129
743,43161129
741,43161433
742,43161433
743,43161433
741,43161434
742,43161434
743,43161434
741,43161435
742,43161435
743,43161435
741,43161444
742,43161444
743,43161444
741,43161445
742,43161445
743,43161445
741,43161882
742,43161882
743,43161882
741,43161884
742,43161884
743,43161884
741,43161885
742,43161885
743,43161885
741,43161886
742,43161886
743,43161886
741,43161889
742,43161889
743,43161889
741,43161890
742,43161890
743,43161890
741,43161891
742,43161891
743,43161891
741,43161893
742,43161893
743,43161893
741,43161894
742,43161894
743,43161894
741,43161896
742,43161896
743,43161896
741,43161899
742,43161899
743,43161899
741,43161919
742,43161919
743,43161919
741,43161920
742,43161920
743,43161920
741,43161921
742,43161921
743,43161921
741,43161922
742,43161922
743,43161922
741,43161923
742,43161923
743,43161923
741,43161924
742,43161924
743,43161924
741,43161925
742,43161925
743,43161925
741,43161926
742,43161926
743,43161926
741,43161927
742,43161927
743,43161927
741,43161928
742,43161928
743,43161928
741,43161929
742,43161929
743,43161929
741,43161930
742,43161930
743,43161930
741,43161931
742,43161931
743,43161931
741,43161932
742,43161932
743,43161932
741,43161933
742,43161933
743,43161933
741,43161965
742,43161965
743,43161965
741,43161966
742,43161966
743,43161966
741,43161967
742,43161967
743,43161967
741,43161968
742,43161968
743,43161968
741,43161969
742,43161969
743,43161969
741,43161970
742,43161970
743,43161970
741,43161971
742,43161971
743,43161971
741,43161972
742,43161972
743,43161972
741,43161973
742,43161973
743,43161973
741,43161974
742,43161974
743,43161974
741,43161975
742,43161975
743,43161975
741,43161976
742,43161976
743,43161976
741,43161977
742,43161977
743,43161977
741,43161978
742,43161978
743,43161978
741,43161979
742,43161979
743,43161979
741,43161980
742,43161980
743,43161980
741,43161981
742,43161981
743,43161981
741,43161982
742,43161982
743,43161982
741,43161983
742,43161983
743,43161983
741,43161984
742,43161984
743,43161984
741,43161985
742,43161985
743,43161985
741,43161986
742,43161986
743,43161986
741,43161987
742,43161987
743,43161987
741,43161988
742,43161988
743,43161988
741,43161989
742,43161989
743,43161989
741,43161990
742,43161990
743,43161990
741,43161991
742,43161991
743,43161991
741,43161992
742,43161992
743,43161992
741,43161993
742,43161993
743,43161993
741,43161994
742,43161994
743,43161994
741,43161995
742,43161995
743,43161995
741,43162034
742,43162034
743,43162034
741,43162035
742,43162035
743,43162035
741,43162053
742,43162053
743,43162053
741,43162061
742,43162061
743,43162061
741,43162062
742,43162062
743,43162062
741,43162068
742,43162068
743,43162068
741,43162118
742,43162118
743,43162118
741,43162168
742,43162168
743,43162168
741,43162200
742,43162200
743,43162200
741,43162209
742,43162209
743,43162209
741,43162464
742,43162464
743,43162464
741,43162465
742,43162465
743,43162465
741,43162466
742,43162466
743,43162466
741,43162467
742,43162467
743,43162467
741,43162468
742,43162468
743,43162468
741,43162585
742,43162585
743,43162585
741,43166944
742,43166944
743,43166944
741,43166956
742,43166956
743,43166956
741,43166957
742,43166957
743,43166957
741,43166958
742,43166958
743,43166958
741,43166959
742,43166959
743,43166959
741,43166960
742,43166960
743,43166960
741,43166961
742,43166961
743,43166961
741,43166962
742,43166962
743,43166962
741,43166963
742,43166963
743,43166963
741,43166964
742,43166964
743,43166964
741,43166965
742,43166965
743,43166965
741,43166966
742,43166966
743,43166966
741,43166967
742,43166967
743,43166967
741,43166968
742,43166968
743,43166968
741,43166977
742,43166977
743,43166977
741,43166994
742,43166994
743,43166994
741,43167003
742,43167003
743,43167003
741,43167005
742,43167005
743,43167005
741,43167006
742,43167006
743,43167006
741,43167019
742,43167019
743,43167019
741,43167031
742,43167031
743,43167031
741,43167035
742,43167035
743,43167035
741,43167043
742,43167043
743,43167043
741,43167050
742,43167050
743,43167050
741,43167061
742,43167061
743,43167061
741,43167074
742,43167074
743,43167074
741,43167084
742,43167084
743,43167084
741,43167239
742,43167239
743,43167239
741,43167262
742,43167262
743,43167262
741,43167271
742,43167271
743,43167271
741,43167272
742,43167272
743,43167272
741,43167273
742,43167273
743,43167273
741,43167289
742,43167289
743,43167289
741,43167290
742,43167290
743,43167290
741,43167291
742,43167291
743,43167291
741,43167292
742,43167292
743,43167292
741,43167293
742,43167293
743,43167293
741,43167515
742,43167515
743,43167515
741,43167519
742,43167519
743,43167519
741,43167520
742,43167520
743,43167520
741,43167521
742,43167521
743,43167521
741,43178791
742,43178791
743,43178791
741,43178793
742,43178793
743,43178793
741,43178795
742,43178795
743,43178795
741,43178797
742,43178797
743,43178797
741,43178799
742,43178799
743,43178799
741,43178801
742,43178801
743,43178801
741,43178803
742,43178803
743,43178803
741,43178805
742,43178805
743,43178805
741,43178807
742,43178807
743,43178807
741,43178809
742,43178809
743,43178809
741,43178811
742,43178811
743,43178811
741,43178813
742,43178813
743,43178813
741,43178815
742,43178815
743,43178815
741,43178817
742,43178817
743,43178817
741,43178819
742,43178819
743,43178819
741,43178821
742,43178821
743,43178821
741,43178823
742,43178823
743,43178823
741,43178825
742,43178825
743,43178825
741,43178827
742,43178827
743,43178827
741,43178829
742,43178829
743,43178829
741,43178831
742,43178831
743,43178831
741,43178833
742,43178833
743,43178833
741,43178835
742,43178835
743,43178835
741,43178837
742,43178837
743,43178837
741,43178839
742,43178839
743,43178839
741,43178841
742,43178841
743,43178841
741,43178843
742,43178843
743,43178843
741,43178844
742,43178844
743,43178844
741,43178847
742,43178847
743,43178847
741,43178849
742,43178849
743,43178849
741,43178851
742,43178851
743,43178851
741,43178853
742,43178853
743,43178853
741,43178854
742,43178854
743,43178854
741,43179109
742,43179109
743,43179109
741,43179111
742,43179111
743,43179111
741,43179115
742,43179115
743,43179115
741,43179116
742,43179116
743,43179116
741,43179117
742,43179117
743,43179117
741,43179118
742,43179118
743,43179118
741,43179119
742,43179119
743,43179119
741,43179289
742,43179289
743,43179289
741,43179290
742,43179290
743,43179290
741,43179291
742,43179291
743,43179291
741,43179292
742,43179292
743,43179292
741,43179293
742,43179293
743,43179293
741,43179294
742,43179294
743,43179294
741,43179295
742,43179295
743,43179295
741,43162794
742,43162794
743,43162794
741,43162795
742,43162795
743,43162795
741,43163030
742,43163030
743,43163030
741,43163334
742,43163334
743,43163334
741,43163335
742,43163335
743,43163335
741,43163336
742,43163336
743,43163336
741,43163345
742,43163345
743,43163345
741,43163346
742,43163346
743,43163346
741,43163783
742,43163783
743,43163783
741,43163785
742,43163785
743,43163785
741,43163786
742,43163786
743,43163786
741,43163787
742,43163787
743,43163787
741,43163790
742,43163790
743,43163790
741,43163791
742,43163791
743,43163791
741,43163792
742,43163792
743,43163792
741,43163794
742,43163794
743,43163794
741,43163795
742,43163795
743,43163795
741,43163797
742,43163797
743,43163797
741,43163800
742,43163800
743,43163800
741,43163820
742,43163820
743,43163820
741,43163821
742,43163821
743,43163821
741,43163822
742,43163822
743,43163822
741,43163823
742,43163823
743,43163823
741,43163824
742,43163824
743,43163824
741,43163825
742,43163825
743,43163825
741,43163826
742,43163826
743,43163826
741,43163827
742,43163827
743,43163827
741,43163828
742,43163828
743,43163828
741,43163829
742,43163829
743,43163829
741,43163830
742,43163830
743,43163830
741,43163831
742,43163831
743,43163831
741,43163832
742,43163832
743,43163832
741,43163833
742,43163833
743,43163833
741,43163834
742,43163834
743,43163834
741,43163866
742,43163866
743,43163866
741,43163867
742,43163867
743,43163867
741,43163868
742,43163868
743,43163868
741,43163869
742,43163869
743,43163869
741,43163870
742,43163870
743,43163870
741,43163871
742,43163871
743,43163871
741,43163872
742,43163872
743,43163872
741,43163873
742,43163873
743,43163873
741,43163874
742,43163874
743,43163874
741,43163875
742,43163875
743,43163875
741,43163876
742,43163876
743,43163876
741,43163877
742,43163877
743,43163877
741,43163878
742,43163878
743,43163878
741,43163879
742,43163879
743,43163879
741,43163880
742,43163880
743,43163880
741,43163881
742,43163881
743,43163881
741,43163882
742,43163882
743,43163882
741,43163883
742,43163883
743,43163883
741,43163884
742,43163884
743,43163884
741,43163885
742,43163885
743,43163885
741,43163886
742,43163886
743,43163886
741,43163887
742,43163887
743,43163887
741,43163888
742,43163888
743,43163888
741,43163889
742,43163889
743,43163889
741,43163890
742,43163890
743,43163890
741,43163891
742,43163891
743,43163891
741,43163892
742,43163892
743,43163892
741,43163893
742,43163893
743,43163893
741,43163894
742,43163894
743,43163894
741,43163895
742,43163895
743,43163895
741,43163896
742,43163896
743,43163896
741,43163935
742,43163935
743,43163935
741,43163936
742,43163936
743,43163936
741,43163954
742,43163954
743,43163954
741,43163962
742,43163962
743,43163962
741,43163963
742,43163963
743,43163963
741,43163969
742,43163969
743,43163969
741,43164019
742,43164019
743,43164019
741,43164069
742,43164069
743,43164069
741,43164101
742,43164101
743,43164101
741,43164110
742,43164110
743,43164110
741,43164365
742,43164365
743,43164365
741,43164366
742,43164366
743,43164366
741,43164367
742,43164367
743,43164367
741,43164368
742,43164368
743,43164368
741,43164369
742,43164369
743,43164369
741,43164486
742,43164486
743,43164486
741,43182016
742,43182016
743,43182016
741,43182044
742,43182044
743,43182044
741,43182045
742,43182045
743,43182045
741,43182261
742,43182261
743,43182261
741,43182292
742,43182292
743,43182292
741,43182328
742,43182328
743,43182328
741,43182340
742,43182340
743,43182340
741,43182342
742,43182342
743,43182342
741,43182455
742,43182455
743,43182455
741,43182457
742,43182457
743,43182457
741,43182491
742,43182491
743,43182491
741,43182559
742,43182559
743,43182559
741,43182562
742,43182562
743,43182562
741,43182568
742,43182568
743,43182568
741,43182614
742,43182614
743,43182614
741,43182629
742,43182629
743,43182629
741,43182642
742,43182642
743,43182642
741,43182684
742,43182684
743,43182684
741,43182700
742,43182700
743,43182700
741,43182759
742,43182759
743,43182759
741,43182781
742,43182781
743,43182781
741,43182820
742,43182820
743,43182820
741,43182823
742,43182823
743,43182823
741,43182826
742,43182826
743,43182826
741,43182827
742,43182827
743,43182827
741,43182828
742,43182828
743,43182828
741,43182829
742,43182829
743,43182829
741,43182830
742,43182830
743,43182830
741,43182831
742,43182831
743,43182831
741,43182832
742,43182832
743,43182832
741,43182833
742,43182833
743,43182833
741,43182834
742,43182834
743,43182834
741,43182835
742,43182835
743,43182835
741,43182848
742,43182848
743,43182848
741,43182849
742,43182849
743,43182849
741,43182850
742,43182850
743,43182850
741,43182851
742,43182851
743,43182851
741,43182852
742,43182852
743,43182852
741,43182853
742,43182853
743,43182853
741,43182854
742,43182854
743,43182854
741,43182855
742,43182855
743,43182855
741,43182856
742,43182856
743,43182856
741,43182857
742,43182857
743,43182857
741,43182858
742,43182858
743,43182858
741,43182872
742,43182872
743,43182872
741,43182873
742,43182873
743,43182873
741,43182874
742,43182874
743,43182874
741,43182875
742,43182875
743,43182875
741,43182876
742,43182876
743,43182876
741,43182877
742,43182877
743,43182877
741,43182878
742,43182878
743,43182878
741,43182879
742,43182879
743,43182879
741,43182880
742,43182880
743,43182880
741,43182881
742,43182881
743,43182881
741,43182895
742,43182895
743,43182895
741,43182897
742,43182897
743,43182897
741,43182898
742,43182898
743,43182898
741,43182900
742,43182900
743,43182900
741,43182908
742,43182908
743,43182908
741,43182909
742,43182909
743,43182909
741,43182910
742,43182910
743,43182910
741,43182911
742,43182911
743,43182911
741,43182912
742,43182912
743,43182912
741,43182914
742,43182914
743,43182914
741,43182917
742,43182917
743,43182917
741,43182918
742,43182918
743,43182918
741,43182920
742,43182920
743,43182920
741,43182928
742,43182928
743,43182928
741,43182929
742,43182929
743,43182929
741,43182930
742,43182930
743,43182930
741,43182931
742,43182931
743,43182931
741,43182932
742,43182932
743,43182932
741,43182936
742,43182936
743,43182936
741,43182937
742,43182937
743,43182937
741,43182939
742,43182939
743,43182939
741,43182940
742,43182940
743,43182940
741,43182948
742,43182948
743,43182948
741,43182949
742,43182949
743,43182949
741,43182950
742,43182950
743,43182950
741,43182951
742,43182951
743,43182951
741,43182952
742,43182952
743,43182952
741,43160892
742,43160892
743,43160892
741,43160895
742,43160895
743,43160895
741,43160905
742,43160905
743,43160905
741,43161013
742,43161013
743,43161013
741,43161029
742,43161029
743,43161029
741,43161052
742,43161052
743,43161052
741,43161094
742,43161094
743,43161094
741,43161128
742,43161128
743,43161128
741,43161130
742,43161130
743,43161130
741,43161181
742,43161181
743,43161181
741,43161432
742,43161432
743,43161432
741,43161883
742,43161883
743,43161883
741,43161887
742,43161887
743,43161887
741,43161888
742,43161888
743,43161888
741,43161892
742,43161892
743,43161892
741,43161895
742,43161895
743,43161895
741,43161897
742,43161897
743,43161897
741,43161898
742,43161898
743,43161898
741,43161900
742,43161900
743,43161900
741,43161901
742,43161901
743,43161901
741,43161902
742,43161902
743,43161902
741,43161903
742,43161903
743,43161903
741,43161904
742,43161904
743,43161904
741,43161905
742,43161905
743,43161905
741,43161906
742,43161906
743,43161906
741,43161907
742,43161907
743,43161907
741,43161908
742,43161908
743,43161908
741,43161909
742,43161909
743,43161909
741,43161910
742,43161910
743,43161910
741,43161911
742,43161911
743,43161911
741,43161912
742,43161912
743,43161912
741,43161913
742,43161913
743,43161913
741,43161914
742,43161914
743,43161914
741,43161915
742,43161915
743,43161915
741,43161916
742,43161916
743,43161916
741,43161917
742,43161917
743,43161917
741,43161918
742,43161918
743,43161918
741,43161934
742,43161934
743,43161934
741,43161935
742,43161935
743,43161935
741,43161936
742,43161936
743,43161936
741,43161937
742,43161937
743,43161937
741,43161938
742,43161938
743,43161938
741,43161939
742,43161939
743,43161939
741,43161940
742,43161940
743,43161940
741,43161941
742,43161941
743,43161941
741,43161942
742,43161942
743,43161942
741,43161943
742,43161943
743,43161943
741,43161944
742,43161944
743,43161944
741,43161945
742,43161945
743,43161945
741,43161946
742,43161946
743,43161946
741,43161947
742,43161947
743,43161947
741,43161948
742,43161948
743,43161948
741,43161949
742,43161949
743,43161949
741,43161950
742,43161950
743,43161950
741,43161951
742,43161951
743,43161951
741,43161952
742,43161952
743,43161952
741,43161953
742,43161953
743,43161953
741,43161954
742,43161954
743,43161954
741,43161955
742,43161955
743,43161955
741,43161956
742,43161956
743,43161956
741,43161957
742,43161957
743,43161957
741,43161958
742,43161958
743,43161958
741,43161959
742,43161959
743,43161959
741,43161960
742,43161960
743,43161960
741,43161961
742,43161961
743,43161961
741,43161962
742,43161962
743,43161962
741,43161963
742,43161963
743,43161963
741,43161964
742,43161964
743,43161964
741,43162001
742,43162001
743,43162001
741,43162006
742,43162006
743,43162006
741,43162017
742,43162017
743,43162017
741,43162032
742,43162032
743,43162032
741,43162052
742,43162052
743,43162052
741,43162067
742,43162067
743,43162067
741,43162084
742,43162084
743,43162084
741,43162099
742,43162099
743,43162099
741,43162112
742,43162112
743,43162112
741,43162131
742,43162131
743,43162131
741,43162150
742,43162150
743,43162150
741,43162167
742,43162167
743,43162167
741,43162193
742,43162193
743,43162193
741,43162459
742,43162459
743,43162459
741,43162460
742,43162460
743,43162460
741,43162461
742,43162461
743,43162461
741,43162462
742,43162462
743,43162462
741,43162463
742,43162463
743,43162463
741,43162469
742,43162469
743,43162469
741,43162470
742,43162470
743,43162470
741,43162471
742,43162471
743,43162471
741,43162472
742,43162472
743,43162472
741,43162473
742,43162473
743,43162473
741,43162586
742,43162586
743,43162586
741,43166608
742,43166608
743,43166608
741,43166611
742,43166611
743,43166611
741,43166615
742,43166615
743,43166615
741,43166634
742,43166634
743,43166634
741,43166661
742,43166661
743,43166661
741,43166688
742,43166688
743,43166688
741,43166717
742,43166717
743,43166717
741,43166750
742,43166750
743,43166750
741,43166799
742,43166799
743,43166799
741,43166843
742,43166843
743,43166843
741,43166875
742,43166875
743,43166875
741,43166904
742,43166904
743,43166904
741,43166936
742,43166936
743,43166936
741,43166937
742,43166937
743,43166937
741,43166938
742,43166938
743,43166938
741,43166939
742,43166939
743,43166939
741,43166940
742,43166940
743,43166940
741,43166941
742,43166941
743,43166941
741,43166945
742,43166945
743,43166945
741,43166949
742,43166949
743,43166949
741,43166950
742,43166950
743,43166950
741,43166951
742,43166951
743,43166951
741,43166952
742,43166952
743,43166952
741,43166953
742,43166953
743,43166953
741,43166954
742,43166954
743,43166954
741,43166955
742,43166955
743,43166955
741,43166976
742,43166976
743,43166976
741,43166984
742,43166984
743,43166984
741,43166993
742,43166993
743,43166993
741,43167004
742,43167004
743,43167004
741,43167018
742,43167018
743,43167018
741,43167029
742,43167029
743,43167029
741,43167030
742,43167030
743,43167030
741,43167042
742,43167042
743,43167042
741,43167057
742,43167057
743,43167057
741,43167070
742,43167070
743,43167070
741,43167081
742,43167081
743,43167081
741,43167089
742,43167089
743,43167089
741,43167265
742,43167265
743,43167265
741,43167274
742,43167274
743,43167274
741,43167287
742,43167287
743,43167287
741,43167294
742,43167294
743,43167294
741,43167295
742,43167295
743,43167295
741,43167296
742,43167296
743,43167296
741,43167297
742,43167297
743,43167297
741,43167514
742,43167514
743,43167514
741,43178792
742,43178792
743,43178792
741,43178794
742,43178794
743,43178794
741,43178796
742,43178796
743,43178796
741,43178798
742,43178798
743,43178798
741,43178800
742,43178800
743,43178800
741,43178802
742,43178802
743,43178802
741,43178804
742,43178804
743,43178804
741,43178806
742,43178806
743,43178806
741,43178808
742,43178808
743,43178808
741,43178810
742,43178810
743,43178810
741,43178812
742,43178812
743,43178812
741,43178814
742,43178814
743,43178814
741,43178816
742,43178816
743,43178816
741,43178818
742,43178818
743,43178818
741,43178820
742,43178820
743,43178820
741,43178822
742,43178822
743,43178822
741,43178824
742,43178824
743,43178824
741,43178826
742,43178826
743,43178826
741,43178828
742,43178828
743,43178828
741,43178830
742,43178830
743,43178830
741,43178832
742,43178832
743,43178832
741,43178834
742,43178834
743,43178834
741,43178836
742,43178836
743,43178836
741,43178838
742,43178838
743,43178838
741,43178840
742,43178840
743,43178840
741,43178842
742,43178842
743,43178842
741,43178845
742,43178845
743,43178845
741,43178846
742,43178846
743,43178846
741,43178848
742,43178848
743,43178848
741,43178850
742,43178850
743,43178850
741,43178852
742,43178852
743,43178852
741,43178855
742,43178855
743,43178855
741,43179107
742,43179107
743,43179107
741,43179108
742,43179108
743,43179108
741,43179110
742,43179110
743,43179110
741,43179112
742,43179112
743,43179112
741,43179113
742,43179113
743,43179113
741,43179114
742,43179114
743,43179114
741,43179278
742,43179278
743,43179278
741,43179279
742,43179279
743,43179279
741,43179281
742,43179281
743,43179281
741,43179282
742,43179282
743,43179282
741,43179283
742,43179283
743,43179283
741,43179284
742,43179284
743,43179284
741,43179285
742,43179285
743,43179285
741,43179286
742,43179286
743,43179286
741,43179287
742,43179287
743,43179287
741,43179288
742,43179288
743,43179288
741,43179319
742,43179319
743,43179319
741,43179352
742,43179352
743,43179352
741,43162793
742,43162793
743,43162793
741,43162796
742,43162796
743,43162796
741,43162806
742,43162806
743,43162806
741,43162914
742,43162914
743,43162914
741,43162930
742,43162930
743,43162930
741,43162953
742,43162953
743,43162953
741,43162995
742,43162995
743,43162995
741,43163029
742,43163029
743,43163029
741,43163031
742,43163031
743,43163031
741,43163082
742,43163082
743,43163082
741,43163333
742,43163333
743,43163333
741,43163784
742,43163784
743,43163784
741,43163788
742,43163788
743,43163788
741,43163789
742,43163789
743,43163789
741,43163793
742,43163793
743,43163793
741,43163796
742,43163796
743,43163796
741,43163798
742,43163798
743,43163798
741,43163799
742,43163799
743,43163799
741,43163801
742,43163801
743,43163801
741,43163802
742,43163802
743,43163802
741,43163803
742,43163803
743,43163803
741,43163804
742,43163804
743,43163804
741,43163805
742,43163805
743,43163805
741,43163806
742,43163806
743,43163806
741,43163807
742,43163807
743,43163807
741,43163808
742,43163808
743,43163808
741,43163809
742,43163809
743,43163809
741,43163810
742,43163810
743,43163810
741,43163811
742,43163811
743,43163811
741,43163812
742,43163812
743,43163812
741,43163813
742,43163813
743,43163813
741,43163814
742,43163814
743,43163814
741,43163815
742,43163815
743,43163815
741,43163816
742,43163816
743,43163816
741,43163817
742,43163817
743,43163817
741,43163818
742,43163818
743,43163818
741,43163819
742,43163819
743,43163819
741,43163835
742,43163835
743,43163835
741,43163836
742,43163836
743,43163836
741,43163837
742,43163837
743,43163837
741,43163838
742,43163838
743,43163838
741,43163839
742,43163839
743,43163839
741,43163840
742,43163840
743,43163840
741,43163841
742,43163841
743,43163841
741,43163842
742,43163842
743,43163842
741,43163843
742,43163843
743,43163843
741,43163844
742,43163844
743,43163844
741,43163845
742,43163845
743,43163845
741,43163846
742,43163846
743,43163846
741,43163847
742,43163847
743,43163847
741,43163848
742,43163848
743,43163848
741,43163849
742,43163849
743,43163849
741,43163850
742,43163850
743,43163850
741,43163851
742,43163851
743,43163851
741,43163852
742,43163852
743,43163852
741,43163853
742,43163853
743,43163853
741,43163854
742,43163854
743,43163854
741,43163855
742,43163855
743,43163855
741,43163856
742,43163856
743,43163856
741,43163857
742,43163857
743,43163857
741,43163858
742,43163858
743,43163858
741,43163859
742,43163859
743,43163859
741,43163860
742,43163860
743,43163860
741,43163861
742,43163861
743,43163861
741,43163862
742,43163862
743,43163862
741,43163863
742,43163863
743,43163863
741,43163864
742,43163864
743,43163864
741,43163865
742,43163865
743,43163865
741,43163902
742,43163902
743,43163902
741,43163907
742,43163907
743,43163907
741,43163918
742,43163918
743,43163918
741,43163933
742,43163933
743,43163933
741,43163953
742,43163953
743,43163953
741,43163968
742,43163968
743,43163968
741,43163985
742,43163985
743,43163985
741,43164000
742,43164000
743,43164000
741,43164013
742,43164013
743,43164013
741,43164032
742,43164032
743,43164032
741,43164051
742,43164051
743,43164051
741,43164068
742,43164068
743,43164068
741,43164094
742,43164094
743,43164094
741,43164360
742,43164360
743,43164360
741,43164361
742,43164361
743,43164361
741,43164362
742,43164362
743,43164362
741,43164363
742,43164363
743,43164363
741,43164364
742,43164364
743,43164364
741,43164370
742,43164370
743,43164370
741,43164371
742,43164371
743,43164371
741,43164372
742,43164372
743,43164372
741,43164373
742,43164373
743,43164373
741,43164374
742,43164374
743,43164374
741,43164487
742,43164487
743,43164487
741,43181993
742,43181993
743,43181993
741,43182007
742,43182007
743,43182007
741,43182024
742,43182024
743,43182024
741,43182043
742,43182043
743,43182043
741,43182046
742,43182046
743,43182046
741,43182047
742,43182047
743,43182047
741,43182092
742,43182092
743,43182092
741,43182093
742,43182093
743,43182093
741,43182138
742,43182138
743,43182138
741,43182189
742,43182189
743,43182189
741,43182245
742,43182245
743,43182245
741,43182291
742,43182291
743,43182291
741,43182318
742,43182318
743,43182318
741,43182327
742,43182327
743,43182327
741,43182329
742,43182329
743,43182329
741,43182343
742,43182343
743,43182343
741,43182403
742,43182403
743,43182403
741,43182458
742,43182458
743,43182458
741,43182526
742,43182526
743,43182526
741,43182537
742,43182537
743,43182537
741,43182542
742,43182542
743,43182542
741,43182567
742,43182567
743,43182567
741,43182602
742,43182602
743,43182602
741,43182628
742,43182628
743,43182628
741,43182641
742,43182641
743,43182641
741,43182674
742,43182674
743,43182674
741,43182703
742,43182703
743,43182703
741,43182713
742,43182713
743,43182713
741,43182739
742,43182739
743,43182739
741,43182755
742,43182755
743,43182755
741,43182771
742,43182771
743,43182771
741,43182799
742,43182799
743,43182799
741,43182819
742,43182819
743,43182819
741,43182824
742,43182824
743,43182824
741,43182825
742,43182825
743,43182825
741,43182838
742,43182838
743,43182838
741,43182839
742,43182839
743,43182839
741,43182840
742,43182840
743,43182840
741,43182841
742,43182841
743,43182841
741,43182842
742,43182842
743,43182842
741,43182843
742,43182843
743,43182843
741,43182844
742,43182844
743,43182844
741,43182845
742,43182845
743,43182845
741,43182846
742,43182846
743,43182846
741,43182847
742,43182847
743,43182847
741,43182861
742,43182861
743,43182861
741,43182862
742,43182862
743,43182862
741,43182863
742,43182863
743,43182863
741,43182864
742,43182864
743,43182864
741,43182865
742,43182865
743,43182865
741,43182866
742,43182866
743,43182866
741,43182867
742,43182867
743,43182867
741,43182868
742,43182868
743,43182868
741,43182869
742,43182869
743,43182869
741,43182870
742,43182870
743,43182870
741,43182871
742,43182871
743,43182871
741,43182884
742,43182884
743,43182884
741,43182885
742,43182885
743,43182885
741,43182886
742,43182886
743,43182886
741,43182887
742,43182887
743,43182887
741,43182888
742,43182888
743,43182888
741,43182889
742,43182889
743,43182889
741,43182890
742,43182890
743,43182890
741,43182891
742,43182891
743,43182891
741,43182892
742,43182892
743,43182892
741,43182896
742,43182896
743,43182896
741,43182899
742,43182899
743,43182899
741,43182901
742,43182901
743,43182901
741,43182902
742,43182902
743,43182902
741,43182903
742,43182903
743,43182903
741,43182904
742,43182904
743,43182904
741,43182905
742,43182905
743,43182905
741,43182906
742,43182906
743,43182906
741,43182907
742,43182907
743,43182907
741,43182913
742,43182913
743,43182913
741,43182919
742,43182919
743,43182919
741,43182921
742,43182921
743,43182921
741,43182922
742,43182922
743,43182922
741,43182923
742,43182923
743,43182923
741,43182924
742,43182924
743,43182924
741,43182925
742,43182925
743,43182925
741,43182926
742,43182926
743,43182926
741,43182927
742,43182927
743,43182927
741,43182935
742,43182935
743,43182935
741,43182938
742,43182938
743,43182938
741,43182941
742,43182941
743,43182941
741,43182942
742,43182942
743,43182942
741,43182943
742,43182943
743,43182943
741,43182944
742,43182944
743,43182944
741,43182945
742,43182945
743,43182945
741,43182946
742,43182946
743,43182946
741,43182947
742,43182947
743,43182947
89,42823589
93,42823589
89,42816208
93,42816208
89,42819829
93,42819829
89,42823588
93,42823588
89,42818042
93,42818042
89,42821506
93,42821506
CR-Haverhill,CR-Weekday-Fall-19-208
CR-Lowell,CR-Weekday-Fall-19-208
CR-Haverhill,CR-Weekday-Fall-19-221
CR-Lowell,CR-Weekday-Fall-19-221
CR-Fairmount,CR-Weekday-Fall-19-726
CR-Franklin,CR-Weekday-Fall-19-726
CR-Franklin,CR-Weekday-Fall-19-740
CR-Fairmount,CR-Weekday-Fall-19-740
CR-Franklin,CR-Weekday-Fall-19-741
CR-Fairmount,CR-Weekday-Fall-19-741
CR-Franklin,CR-Weekday-Fall-19-743
CR-Fairmount,CR-Weekday-Fall-19-743
CR-Franklin,CR-Weekday-Fall-19-746
CR-Fairmount,CR-Weekday-Fall-19-746
CR-Fairmount,CR-Weekday-Fall-19-747
CR-Franklin,CR-Weekday-Fall-19-747
CR-Fairmount,CR-Weekday-Fall-19-748
CR-Franklin,CR-Weekday-Fall-19-748
CR-Franklin,CR-Weekday-Fall-19-749
CR-Fairmount,CR-Weekday-Fall-19-749
CR-Fairmount,CR-Weekday-Fall-19-750
CR-Franklin,CR-Weekday-Fall-19-750
CR-Fairmount,CR-Weekday-Fall-19-754
CR-Franklin,CR-Weekday-Fall-19-754
CR-Fairmount,CR-Weekday-Fall-19-755
CR-Franklin,CR-Weekday-Fall-19-755
CR-Fairmount,CR-Weekday-Fall-19-757
CR-Franklin,CR-Weekday-Fall-19-757
CR-Fairmount,CR-Weekday-Fall-19-758
CR-Franklin,CR-Weekday-Fall-19-758
CR-Fairmount,CR-Weekday-Fall-19-759
CR-Franklin,CR-Weekday-Fall-19-759
Green-D,43021150-KenmoreReservoir1
Green-D,43021161-KenmoreReservoir1
Green-D,43022050-KenmoreReservoir1
Green-D,43022051-KenmoreReservoir1
Green-D,43022052-KenmoreReservoir1
Green-D,43022053-KenmoreReservoir1
Green-D,43022054-KenmoreReservoir1
Green-D,43022055-KenmoreReservoir1
Green-D,43022056-KenmoreReservoir1
Green-D,43022057-KenmoreReservoir1
Green-D,43022064-KenmoreReservoir1
Green-D,43022065-KenmoreReservoir1
Green-D,43022066-KenmoreReservoir1
Green-D,43022067-KenmoreReservoir1
Green-D,43022068-KenmoreReservoir1
Green-D,43022075-KenmoreReservoir1
Green-D,43022076-KenmoreReservoir1
Green-D,43022077-KenmoreReservoir1
Green-D,43022078-KenmoreReservoir1
Green-D,43022079-KenmoreReservoir1
Green-D,43022080-KenmoreReservoir1
Green-D,43022081-KenmoreReservoir1
Green-D,43022082-KenmoreReservoir1
Green-D,43022083-KenmoreReservoir1
Green-D,43022084-KenmoreReservoir1
Green-D,43022085-KenmoreReservoir1
Green-D,43022086-KenmoreReservoir1
Green-D,43022106-KenmoreReservoir1
Green-D,43022108-KenmoreReservoir1
Green-D,43022130-KenmoreReservoir1
Green-D,43022141-KenmoreReservoir1
Green-D,43022142-KenmoreReservoir1
Green-D,43022145-KenmoreReservoir1
Green-D,43022146-KenmoreReservoir1
Green-D,43022147-KenmoreReservoir1
Green-D,43022152-KenmoreReservoir1
Green-D,43022153-KenmoreReservoir1
Green-D,43022155-KenmoreReservoir1
Green-D,43022156-KenmoreReservoir1
Green-D,43022158-KenmoreReservoir1
Green-D,43022159-KenmoreReservoir1
Green-D,43022160-KenmoreReservoir1
Green-D,43022161-KenmoreReservoir1
Green-D,43022162-KenmoreReservoir1
Green-D,43022163-KenmoreReservoir1
Green-D,43022164-KenmoreReservoir1
Green-D,43022165-KenmoreReservoir1
Green-D,43022166-KenmoreReservoir1
Green-D,43022167-KenmoreReservoir1
Green-D,43022169-KenmoreReservoir1
Green-D,43022170-KenmoreReservoir1
Green-D,43022171-KenmoreReservoir1
Green-D,43022173-KenmoreReservoir1
Green-D,43022174-KenmoreReservoir1
Green-D,43022187-KenmoreReservoir1
Green-D,43022188-KenmoreReservoir1
Green-D,43022189-KenmoreReservoir1
Green-D,43022190-KenmoreReservoir1
Green-D,43022191-KenmoreReservoir1
Green-D,43022193-KenmoreReservoir1
Green-D,43022195-KenmoreReservoir1
Green-D,43022196-KenmoreReservoir1
Green-D,43022197-KenmoreReservoir1
Green-D,43022198-KenmoreReservoir1
Green-D,43022199-KenmoreReservoir1
Green-D,43022200-KenmoreReservoir1
Green-D,43022209-KenmoreReservoir1
Green-D,43022210-KenmoreReservoir1
Green-D,43022211-KenmoreReservoir1
Green-D,43022213-KenmoreReservoir1
Green-D,43022214-KenmoreReservoir1
Green-D,43022215-KenmoreReservoir1
Green-D,43022216-KenmoreReservoir1
Green-D,43022217-KenmoreReservoir1
Green-D,43022218-KenmoreReservoir1
Green-D,43022219-KenmoreReservoir1
Green-D,43022220-KenmoreReservoir1
Green-D,43022222-KenmoreReservoir1
Green-D,43022223-KenmoreReservoir1
Green-D,43022224-KenmoreReservoir1
Green-D,43022225-KenmoreReservoir1
Green-D,43022228-KenmoreReservoir1
Green-D,43022238-KenmoreReservoir1
Green-D,43022239-KenmoreReservoir1
Green-D,43022240-KenmoreReservoir1
Green-D,43022241-KenmoreReservoir1
Green-D,43022242-KenmoreReservoir1
Green-D,43022243-KenmoreReservoir1
Green-D,43022245-KenmoreReservoir1
Green-D,43022246-KenmoreReservoir1
Green-D,43022247-KenmoreReservoir1
Green-D,43022248-KenmoreReservoir1
Green-D,43022249-KenmoreReservoir1
Green-D,43022250-KenmoreReservoir1
Green-D,43022251-KenmoreReservoir1
Green-D,43022263-KenmoreReservoir1
Green-D,43022264-KenmoreReservoir1
Green-D,43022265-KenmoreReservoir1
Green-D,43022266-KenmoreReservoir1
Green-D,43022267-KenmoreReservoir1
Green-D,43022268-KenmoreReservoir1
Green-D,43022269-KenmoreReservoir1
Green-D,43022270-KenmoreReservoir1
Green-D,43022271-KenmoreReservoir1
Green-D,43022272-KenmoreReservoir1
Green-D,43022273-KenmoreReservoir1
Green-D,43022274-KenmoreReservoir1
Green-D,43022275-KenmoreReservoir1
Green-D,43022276-KenmoreReservoir1
Green-D,43022280-KenmoreReservoir1
Green-D,43022282-KenmoreReservoir1
Green-D,43022292-KenmoreReservoir1
Green-D,43022299-KenmoreReservoir1
Green-D,43022300-KenmoreReservoir1
Green-D,43022317-KenmoreReservoir1
Green-D,43022318-KenmoreReservoir1
Green-D,43022319-KenmoreReservoir1
Green-D,43022339-KenmoreReservoir1
Green-D,43022340-KenmoreReservoir1
Green-D,43022359-KenmoreReservoir1
Green-D,43022360-KenmoreReservoir1
Green-D,43022365-KenmoreReservoir1
Green-D,43022377-KenmoreReservoir1
Green-D,43022447-KenmoreReservoir1
Green-D,43022460-KenmoreReservoir1
Green-D,43021114-KenmoreReservoir1
Green-D,43021115-KenmoreReservoir1
Green-D,43021122-KenmoreReservoir1
Green-D,43021133-KenmoreReservoir1
Green-D,43022058-KenmoreReservoir1
Green-D,43022059-KenmoreReservoir1
Green-D,43022060-KenmoreReservoir1
Green-D,43022061-KenmoreReservoir1
Green-D,43022062-KenmoreReservoir1
Green-D,43022063-KenmoreReservoir1
Green-D,43022069-KenmoreReservoir1
Green-D,43022070-KenmoreReservoir1
Green-D,43022071-KenmoreReservoir1
Green-D,43022072-KenmoreReservoir1
Green-D,43022088-KenmoreReservoir1
Green-D,43022090-KenmoreReservoir1
Green-D,43022091-KenmoreReservoir1
Green-D,43022092-KenmoreReservoir1
Green-D,43022093-KenmoreReservoir1
Green-D,43022094-KenmoreReservoir1
Green-D,43022095-KenmoreReservoir1
Green-D,43022096-KenmoreReservoir1
Green-D,43022097-KenmoreReservoir1
Green-D,43022098-KenmoreReservoir1
Green-D,43022099-KenmoreReservoir1
Green-D,43022100-KenmoreReservoir1
Green-D,43022101-KenmoreReservoir1
Green-D,43022102-KenmoreReservoir1
Green-D,43022103-KenmoreReservoir1
Green-D,43022104-KenmoreReservoir1
Green-D,43022105-KenmoreReservoir1
Green-D,43022138-KenmoreReservoir1
Green-D,43022143-KenmoreReservoir1
Green-D,43022148-KenmoreReservoir1
Green-D,43022149-KenmoreReservoir1
Green-D,43022154-KenmoreReservoir1
Green-D,43022175-KenmoreReservoir1
Green-D,43022176-KenmoreReservoir1
Green-D,43022177-KenmoreReservoir1
Green-D,43022178-KenmoreReservoir1
Green-D,43022179-KenmoreReservoir1
Green-D,43022180-KenmoreReservoir1
Green-D,43022181-KenmoreReservoir1
Green-D,43022182-KenmoreReservoir1
Green-D,43022183-KenmoreReservoir1
Green-D,43022184-KenmoreReservoir1
Green-D,43022186-KenmoreReservoir1
Green-D,43022203-KenmoreReservoir1
Green-D,43022204-KenmoreReservoir1
Green-D,43022205-KenmoreReservoir1
Green-D,43022206-KenmoreReservoir1
Green-D,43022207-KenmoreReservoir1
Green-D,43022208-KenmoreReservoir1
Green-D,43022229-KenmoreReservoir1
Green-D,43022230-KenmoreReservoir1
Green-D,43022231-KenmoreReservoir1
Green-D,43022232-KenmoreReservoir1
Green-D,43022233-KenmoreReservoir1
Green-D,43022234-KenmoreReservoir1
Green-D,43022235-KenmoreReservoir1
Green-D,43022236-KenmoreReservoir1
Green-D,43022237-KenmoreReservoir1
Green-D,43022253-KenmoreReservoir1
Green-D,43022254-KenmoreReservoir1
Green-D,43022257-KenmoreReservoir1
Green-D,43022258-KenmoreReservoir1
Green-D,43022259-KenmoreReservoir1
Green-D,43022260-KenmoreReservoir1
Green-D,43022261-KenmoreReservoir1
Green-D,43022277-KenmoreReservoir1
Green-D,43022278-KenmoreReservoir1
Green-D,43022279-KenmoreReservoir1
Green-D,43022281-KenmoreReservoir1
Green-D,43022297-KenmoreReservoir1
Green-D,43022302-KenmoreReservoir1
Green-D,43022303-KenmoreReservoir1
Green-D,43022304-KenmoreReservoir1
Green-D,43022306-KenmoreReservoir1
Green-D,43022307-KenmoreReservoir1
Green-D,43022308-KenmoreReservoir1
Green-D,43022309-KenmoreReservoir1
Green-D,43022310-KenmoreReservoir1
Green-D,43022311-KenmoreReservoir1
Green-D,43022312-KenmoreReservoir1
Green-D,43022313-KenmoreReservoir1
Green-D,43022314-KenmoreReservoir1
Green-D,43022315-KenmoreReservoir1
Green-D,43022321-KenmoreReservoir1
Green-D,43022322-KenmoreReservoir1
Green-D,43022323-KenmoreReservoir1
Green-D,43022324-KenmoreReservoir1
Green-D,43022325-KenmoreReservoir1
Green-D,43022326-KenmoreReservoir1
Green-D,43022327-KenmoreReservoir1
Green-D,43022328-KenmoreReservoir1
Green-D,43022329-KenmoreReservoir1
Green-D,43022330-KenmoreReservoir1
Green-D,43022331-KenmoreReservoir1
Green-D,43022333-KenmoreReservoir1
Green-D,43022334-KenmoreReservoir1
Green-D,43022337-KenmoreReservoir1
Green-D,43022338-KenmoreReservoir1
Green-D,43022342-KenmoreReservoir1
Green-D,43022343-KenmoreReservoir1
Green-D,43022344-KenmoreReservoir1
Green-D,43022345-KenmoreReservoir1
Green-D,43022346-KenmoreReservoir1
Green-D,43022347-KenmoreReservoir1
Green-D,43022348-KenmoreReservoir1
Green-D,43022350-KenmoreReservoir1
Green-D,43022351-KenmoreReservoir1
Green-D,43022352-KenmoreReservoir1
Green-D,43022353-KenmoreReservoir1
Green-D,43022354-KenmoreReservoir1
Green-D,43022355-KenmoreReservoir1
Green-D,43022356-KenmoreReservoir1
Green-D,43022357-KenmoreReservoir1
Green-D,43022358-KenmoreReservoir1
Green-D,43022361-KenmoreReservoir1
Green-D,43022362-KenmoreReservoir1
Green-D,43022378-KenmoreReservoir1
Green-D,43022401-KenmoreReservoir1
Green-D,43022414-KenmoreReservoir1
Green-D,43022427-KenmoreReservoir1
Green-D,43022440-KenmoreReservoir1
Green-D,43023260-KenmoreReservoir1
Green-D,43023261-KenmoreReservoir1
Green-D,43023262-KenmoreReservoir1
Green-D,43023263-KenmoreReservoir1
Green-D,43023691-KenmoreReservoir1
Green-D,43023692-KenmoreReservoir1
Green-D,43023693-KenmoreReservoir1
Green-D,43023694-KenmoreReservoir1
Green-D,43023695-KenmoreReservoir1
Green-D,43023696-KenmoreReservoir1
Green-D,43023697-KenmoreReservoir1
Green-D,43023698-KenmoreReservoir1
Green-D,43023699-KenmoreReservoir1
Green-D,43023700-KenmoreReservoir1
Green-D,43023701-KenmoreReservoir1
Green-D,43023703-KenmoreReservoir1
Green-D,43023704-KenmoreReservoir1
Green-D,43023709-KenmoreReservoir1
Green-D,43023796-KenmoreReservoir1
Green-D,43023814-KenmoreReservoir1
Green-D,43023816-KenmoreReservoir1
Green-D,43023872-KenmoreReservoir1
Green-D,43023873-KenmoreReservoir1
Green-D,43023874-KenmoreReservoir1
Green-D,43023880-KenmoreReservoir1
Green-D,43023891-KenmoreReservoir1
Green-D,43023892-KenmoreReservoir1
Green-D,43023897-KenmoreReservoir1
Green-D,43023898-KenmoreReservoir1
Green-D,43023899-KenmoreReservoir1
Green-D,43023913-KenmoreReservoir1
Green-D,43023914-KenmoreReservoir1
Green-D,43023915-KenmoreReservoir1
Green-D,43023916-KenmoreReservoir1
Green-D,43023917-KenmoreReservoir1
Green-D,43023918-KenmoreReservoir1
Green-D,43023919-KenmoreReservoir1
Green-D,43023920-KenmoreReservoir1
Green-D,43023921-KenmoreReservoir1
Green-D,43023922-KenmoreReservoir1
Green-D,43023923-KenmoreReservoir1
Green-D,43023924-KenmoreReservoir1
Green-D,43023926-KenmoreReservoir1
Green-D,43023927-KenmoreReservoir1
Green-D,43023928-KenmoreReservoir1
Green-D,43023943-KenmoreReservoir1
Green-D,43023945-KenmoreReservoir1
Green-D,43023960-KenmoreReservoir1
Green-D,43023963-KenmoreReservoir1
Green-D,43024031-KenmoreReservoir1
Green-D,43024032-KenmoreReservoir1
Green-D,43024033-KenmoreReservoir1
Green-D,43024034-KenmoreReservoir1
Green-D,43024035-KenmoreReservoir1
Green-D,43024036-KenmoreReservoir1
Green-D,43024037-KenmoreReservoir1
Green-D,43024038-KenmoreReservoir1
Green-D,43024039-KenmoreReservoir1
Green-D,43024040-KenmoreReservoir1
Green-D,43024041-KenmoreReservoir1
Green-D,43024042-KenmoreReservoir1
Green-D,43024043-KenmoreReservoir1
Green-D,43024044-KenmoreReservoir1
Green-D,43024045-KenmoreReservoir1
Green-D,43024046-KenmoreReservoir1
Green-D,43024047-KenmoreReservoir1
Green-D,43024048-KenmoreReservoir1
Green-D,43024049-KenmoreReservoir1
Green-D,43024050-KenmoreReservoir1
Green-D,43024051-KenmoreReservoir1
Green-D,43024052-KenmoreReservoir1
Green-D,43024053-KenmoreReservoir1
Green-D,43024054-KenmoreReservoir1
Green-D,43024055-KenmoreReservoir1
Green-D,43024056-KenmoreReservoir1
Green-D,43024057-KenmoreReservoir1
Green-D,43024058-KenmoreReservoir1
Green-D,43024059-KenmoreReservoir1
Green-D,43024060-KenmoreReservoir1
Green-D,43024061-KenmoreReservoir1
Green-D,43024062-KenmoreReservoir1
Green-D,43024063-KenmoreReservoir1
Green-D,43024064-KenmoreReservoir1
Green-D,43024065-KenmoreReservoir1
Green-D,43024066-KenmoreReservoir1
Green-D,43024067-KenmoreReservoir1
Green-D,43024068-KenmoreReservoir1
Green-D,43024069-KenmoreReservoir1
Green-D,43024070-KenmoreReservoir1
Green-D,43024071-KenmoreReservoir1
Green-D,43024072-KenmoreReservoir1
Green-D,43024073-KenmoreReservoir1
Green-D,43024074-KenmoreReservoir1
Green-D,43024075-KenmoreReservoir1
Green-D,43024076-KenmoreReservoir1
Green-D,43024077-KenmoreReservoir1
Green-D,43024078-KenmoreReservoir1
Green-D,43024079-KenmoreReservoir1
Green-D,43024080-KenmoreReservoir1
Green-D,43024081-KenmoreReservoir1
Green-D,43024082-KenmoreReservoir1
Green-D,43023254-KenmoreReservoir1
Green-D,43023255-KenmoreReservoir1
Green-D,43023256-KenmoreReservoir1
Green-D,43023257-KenmoreReservoir1
Green-D,43023258-KenmoreReservoir1
Green-D,43023259-KenmoreReservoir1
Green-D,43023686-KenmoreReservoir1
Green-D,43023687-KenmoreReservoir1
Green-D,43023705-KenmoreReservoir1
Green-D,43023706-KenmoreReservoir1
Green-D,43023707-KenmoreReservoir1
Green-D,43023725-KenmoreReservoir1
Green-D,43023747-KenmoreReservoir1
Green-D,43023752-KenmoreReservoir1
Green-D,43023753-KenmoreReservoir1
Green-D,43023811-KenmoreReservoir1
Green-D,43023833-KenmoreReservoir1
Green-D,43023834-KenmoreReservoir1
Green-D,43023835-KenmoreReservoir1
Green-D,43023836-KenmoreReservoir1
Green-D,43023851-KenmoreReservoir1
Green-D,43023852-KenmoreReservoir1
Green-D,43023853-KenmoreReservoir1
Green-D,43023856-KenmoreReservoir1
Green-D,43023857-KenmoreReservoir1
Green-D,43023858-KenmoreReservoir1
Green-D,43023859-KenmoreReservoir1
Green-D,43023860-KenmoreReservoir1
Green-D,43023931-KenmoreReservoir1
Green-D,43023932-KenmoreReservoir1
Green-D,43023933-KenmoreReservoir1
Green-D,43023934-KenmoreReservoir1
Green-D,43023935-KenmoreReservoir1
Green-D,43023936-KenmoreReservoir1
Green-D,43023937-KenmoreReservoir1
Green-D,43023948-KenmoreReservoir1
Green-D,43023961-KenmoreReservoir1
Green-D,43023962-KenmoreReservoir1
Green-D,43023977-KenmoreReservoir1
Green-D,43023978-KenmoreReservoir1
Green-D,43023979-KenmoreReservoir1
Green-D,43023986-KenmoreReservoir1
Green-D,43023987-KenmoreReservoir1
Green-D,43023996-KenmoreReservoir1
Green-D,43023997-KenmoreReservoir1
Green-D,43023998-KenmoreReservoir1
Green-D,43023999-KenmoreReservoir1
Green-D,43024000-KenmoreReservoir1
Green-D,43024001-KenmoreReservoir1
Green-D,43024002-KenmoreReservoir1
Green-D,43024083-KenmoreReservoir1
Green-D,43024084-KenmoreReservoir1
Green-D,43024085-KenmoreReservoir1
Green-D,43024086-KenmoreReservoir1
Green-D,43024087-KenmoreReservoir1
Green-D,43024088-KenmoreReservoir1
Green-D,43024089-KenmoreReservoir1
Green-D,43024090-KenmoreReservoir1
Green-D,43024091-KenmoreReservoir1
Green-D,43024092-KenmoreReservoir1
Green-D,43024093-KenmoreReservoir1
Green-D,43024094-KenmoreReservoir1
Green-D,43024095-KenmoreReservoir1
Green-D,43024096-KenmoreReservoir1
Green-D,43024097-KenmoreReservoir1
Green-D,43024098-KenmoreReservoir1
Green-D,43024099-KenmoreReservoir1
Green-D,43024100-KenmoreReservoir1
Green-D,43024101-KenmoreReservoir1
Green-D,43024102-KenmoreReservoir1
Green-D,43024103-KenmoreReservoir1
Green-D,43024104-KenmoreReservoir1
Green-D,43024105-KenmoreReservoir1
Green-D,43024106-KenmoreReservoir1
Green-D,43024107-KenmoreReservoir1
Green-D,43024108-KenmoreReservoir1
Green-D,43024109-KenmoreReservoir1
Green-D,43024110-KenmoreReservoir1
Green-D,43024111-KenmoreReservoir1
Green-D,43024112-KenmoreReservoir1
Green-D,43024113-KenmoreReservoir1
Green-D,43024114-KenmoreReservoir1
Green-D,43024115-KenmoreReservoir1
Green-D,43024116-KenmoreReservoir1
Green-D,43024117-KenmoreReservoir1
Green-D,43024118-KenmoreReservoir1
Green-D,43024119-KenmoreReservoir1
Green-D,43024120-KenmoreReservoir1
Green-D,43024121-KenmoreReservoir1
Green-D,43024122-KenmoreReservoir1
Green-D,43024123-KenmoreReservoir1
Green-D,43024124-KenmoreReservoir1
Green-D,43024125-KenmoreReservoir1
Green-D,43024126-KenmoreReservoir1
Green-D,43024127-KenmoreReservoir1
Green-D,43024128-KenmoreReservoir1
Green-D,43024129-KenmoreReservoir1
Green-D,43024130-KenmoreReservoir1
Green-D,43024131-KenmoreReservoir1
Green-D,43024132-KenmoreReservoir1
Green-D,43024133-KenmoreReservoir1
Green-D,43019032-20:45-KenmoreReservoir1
Green-D,43019034-20:45-KenmoreReservoir1
Green-D,43019036-20:45-KenmoreReservoir1
Green-D,43019038-20:45-KenmoreReservoir1
Green-D,43019040-20:45-KenmoreReservoir1
Green-D,43019042-20:45-KenmoreReservoir1
Green-D,43019044-20:45-KenmoreReservoir1
Green-D,43019046-20:45-KenmoreReservoir1
Green-D,43019048-20:45-KenmoreReservoir1
Green-D,43019050-20:45-KenmoreReservoir1
Green-D,43019052-20:45-KenmoreReservoir1
Green-D,43019054-20:45-KenmoreReservoir1
Green-D,43019056-20:45-KenmoreReservoir1
Green-D,43019058-20:45-KenmoreReservoir1
Green-D,43019060-20:45-KenmoreReservoir1
Green-D,43019062-20:45-KenmoreReservoir1
Green-D,43019064-20:45-KenmoreReservoir1
Green-D,43019066-20:45-KenmoreReservoir1
Green-D,43019068-20:45-KenmoreReservoir1
Green-D,43019070-20:45-KenmoreReservoir1
Green-D,43019072-20:45-KenmoreReservoir1
Green-D,43019074-20:45-KenmoreReservoir1
Green-D,43019076-20:45-KenmoreReservoir1
Green-D,43019078-20:45-KenmoreReservoir1
Green-D,43020418-20:45-KenmoreReservoir1
Green-D,43019360-20:45-KenmoreReservoir1
Green-D,43019362-20:45-KenmoreReservoir1
Green-D,43019364-20:45-KenmoreReservoir1
Green-D,43019366-20:45-KenmoreReservoir1
Green-D,43019368-20:45-KenmoreReservoir1
Green-D,43019370-20:45-KenmoreReservoir1
Green-D,43019372-20:45-KenmoreReservoir1
Green-D,43019374-20:45-KenmoreReservoir1
Green-D,43019376-20:45-KenmoreReservoir1
Green-D,43019378-20:45-KenmoreReservoir1
Green-D,43019380-20:45-KenmoreReservoir1
Green-D,43019382-20:45-KenmoreReservoir1
Green-D,43019384-20:45-KenmoreReservoir1
Green-D,43019386-20:45-KenmoreReservoir1
Green-D,43019388-20:45-KenmoreReservoir1
Green-D,43019390-20:45-KenmoreReservoir1
Green-D,43019392-20:45-KenmoreReservoir1
Green-D,43019394-20:45-KenmoreReservoir1
Green-D,43019396-20:45-KenmoreReservoir1
Red,43145895-AlewifeHarvard1
Red,43145896-AlewifeHarvard1
Red,43145897-AlewifeHarvard1
Red,43145898-AlewifeHarvard1
Red,43145899-AlewifeHarvard1
Red,43145900-AlewifeHarvard1
Red,43145901-AlewifeHarvard1
Red,43145902-AlewifeHarvard1
Red,43145903-AlewifeHarvard1
Red,43145904-AlewifeHarvard1
Red,43145905-AlewifeHarvard1
Red,43145906-AlewifeHarvard1
Red,43145907-AlewifeHarvard1
Red,43145908-AlewifeHarvard1
Red,43145909-AlewifeHarvard1
Red,43145910-AlewifeHarvard1
Red,43145911-AlewifeHarvard1
Red,43145912-AlewifeHarvard1
Red,43145913-AlewifeHarvard1
Red,43145914-AlewifeHarvard1
Red,43145915-AlewifeHarvard1
Red,43145916-AlewifeHarvard1
Red,43145917-AlewifeHarvard1
Red,43145918-AlewifeHarvard1
Red,43145919-AlewifeHarvard1
Red,43145920-AlewifeHarvard1
Red,43145921-AlewifeHarvard1
Red,43145922-AlewifeHarvard1
Red,43145923-AlewifeHarvard1
Red,43145924-AlewifeHarvard1
Red,43145925-AlewifeHarvard1
Red,43145926-AlewifeHarvard1
Red,43145927-AlewifeHarvard1
Red,43145928-AlewifeHarvard1
Red,43145929-AlewifeHarvard1
Red,43145930-AlewifeHarvard1
Red,43145931-AlewifeHarvard1
Red,43145932-AlewifeHarvard1
Red,43145933-AlewifeHarvard1
Red,43145934-AlewifeHarvard1
Red,43145935-AlewifeHarvard1
Red,43145936-AlewifeHarvard1
Red,43145937-AlewifeHarvard1
Red,43145938-AlewifeHarvard1
Red,43145939-AlewifeHarvard1
Red,43145940-AlewifeHarvard1
Red,43145941-AlewifeHarvard1
Red,43145942-AlewifeHarvard1
Red,43145943-AlewifeHarvard1
Red,43145944-AlewifeHarvard1
Red,43145945-AlewifeHarvard1
Red,43145946-AlewifeHarvard1
Red,43145947-AlewifeHarvard1
Red,43145948-AlewifeHarvard1
Red,43145949-AlewifeHarvard1
Red,43145950-AlewifeHarvard1
Red,43145951-AlewifeHarvard1
Red,43145952-AlewifeHarvard1
Red,43145953-AlewifeHarvard1
Red,43145954-AlewifeHarvard1
Red,43145955-AlewifeHarvard1
Red,43145956-AlewifeHarvard1
Red,43145957-AlewifeHarvard1
Red,43145958-AlewifeHarvard1
Red,43145959-AlewifeHarvard1
Red,43145960-AlewifeHarvard1
Red,43145961-AlewifeHarvard1
Red,43145962-AlewifeHarvard1
Red,43145963-AlewifeHarvard1
Red,43145964-AlewifeHarvard1
Red,43145965-AlewifeHarvard1
Red,43145966-AlewifeHarvard1
Red,43145967-AlewifeHarvard1
Red,43145968-AlewifeHarvard1
Red,43145969-AlewifeHarvard1
Red,43145970-AlewifeHarvard1
Red,43145971-AlewifeHarvard1
Red,43145972-AlewifeHarvard1
Red,43145973-AlewifeHarvard1
Red,43145974-AlewifeHarvard1
Red,43145975-AlewifeHarvard1
Red,43145976-AlewifeHarvard1
Red,43145977-AlewifeHarvard1
Red,43145978-AlewifeHarvard1
Red,43145979-AlewifeHarvard1
Red,43145980-AlewifeHarvard1
Red,43146066-AlewifeHarvard1
Red,43146067-AlewifeHarvard1
Red,43146068-AlewifeHarvard1
Red,43146069-AlewifeHarvard1
Red,43146070-AlewifeHarvard1
Red,43146071-AlewifeHarvard1
Red,43146072-AlewifeHarvard1
Red,43146073-AlewifeHarvard1
Red,43146074-AlewifeHarvard1
Red,43146075-AlewifeHarvard1
Red,43146076-AlewifeHarvard1
Red,43146077-AlewifeHarvard1
Red,43146078-AlewifeHarvard1
Red,43146079-AlewifeHarvard1
Red,43146080-AlewifeHarvard1
Red,43146081-AlewifeHarvard1
Red,43146082-AlewifeHarvard1
Red,43146083-AlewifeHarvard1
Red,43146084-AlewifeHarvard1
Red,43146085-AlewifeHarvard1
Red,43146086-AlewifeHarvard1
Red,43146087-AlewifeHarvard1
Red,43146088-AlewifeHarvard1
Red,43146089-AlewifeHarvard1
Red,43146090-AlewifeHarvard1
Red,43146091-AlewifeHarvard1
Red,43146092-AlewifeHarvard1
Red,43146093-AlewifeHarvard1
Red,43146094-AlewifeHarvard1
Red,43146095-AlewifeHarvard1
Red,43146096-AlewifeHarvard1
Red,43146097-AlewifeHarvard1
Red,43146098-AlewifeHarvard1
Red,43146099-AlewifeHarvard1
Red,43146100-AlewifeHarvard1
Red,43146101-AlewifeHarvard1
Red,43146102-AlewifeHarvard1
Red,43146103-AlewifeHarvard1
Red,43146104-AlewifeHarvard1
Red,43146105-AlewifeHarvard1
Red,43146106-AlewifeHarvard1
Red,43146107-AlewifeHarvard1
Red,43146108-AlewifeHarvard1
Red,43146109-AlewifeHarvard1
Red,43146110-AlewifeHarvard1
Red,43146111-AlewifeHarvard1
Red,43146112-AlewifeHarvard1
Red,43146113-AlewifeHarvard1
Red,43146114-AlewifeHarvard1
Red,43146115-AlewifeHarvard1
Red,43146116-AlewifeHarvard1
Red,43146117-AlewifeHarvard1
Red,43146118-AlewifeHarvard1
Red,43146119-AlewifeHarvard1
Red,43146120-AlewifeHarvard1
Red,43146121-AlewifeHarvard1
Red,43146122-AlewifeHarvard1
Red,43146123-AlewifeHarvard1
Red,43146124-AlewifeHarvard1
Red,43146125-AlewifeHarvard1
Red,43146126-AlewifeHarvard1
Red,43146127-AlewifeHarvard1
Red,43146128-AlewifeHarvard1
Red,43146129-AlewifeHarvard1
Red,43146130-AlewifeHarvard1
Red,43146131-AlewifeHarvard1
Red,43146132-AlewifeHarvard1
Red,43146133-AlewifeHarvard1
Red,43146134-AlewifeHarvard1
Red,43146135-AlewifeHarvard1
Red,43146136-AlewifeHarvard1
Red,43146137-AlewifeHarvard1
Red,43146138-AlewifeHarvard1
Red,43146139-AlewifeHarvard1
Red,43146140-AlewifeHarvard1
Red,43146141-AlewifeHarvard1
Red,43146142-AlewifeHarvard1
Red,43146143-AlewifeHarvard1
Red,43146144-AlewifeHarvard1
Red,43146145-AlewifeHarvard1
Red,43146146-AlewifeHarvard1
Red,43146147-AlewifeHarvard1
Red,43146148-AlewifeHarvard1
Red,43146149-AlewifeHarvard1
Red,43146150-AlewifeHarvard1
Red,43145809-AlewifeHarvard1
Red,43145810-AlewifeHarvard1
Red,43145811-AlewifeHarvard1
Red,43145812-AlewifeHarvard1
Red,43145813-AlewifeHarvard1
Red,43145814-AlewifeHarvard1
Red,43145815-AlewifeHarvard1
Red,43145816-AlewifeHarvard1
Red,43145817-AlewifeHarvard1
Red,43145818-AlewifeHarvard1
Red,43145819-AlewifeHarvard1
Red,43145820-AlewifeHarvard1
Red,43145821-AlewifeHarvard1
Red,43145822-AlewifeHarvard1
Red,43145823-AlewifeHarvard1
Red,43145824-AlewifeHarvard1
Red,43145825-AlewifeHarvard1
Red,43145826-AlewifeHarvard1
Red,43145827-AlewifeHarvard1
Red,43145828-AlewifeHarvard1
Red,43145829-AlewifeHarvard1
Red,43145830-AlewifeHarvard1
Red,43145831-AlewifeHarvard1
Red,43145832-AlewifeHarvard1
Red,43145833-AlewifeHarvard1
Red,43145834-AlewifeHarvard1
Red,43145835-AlewifeHarvard1
Red,43145836-AlewifeHarvard1
Red,43145837-AlewifeHarvard1
Red,43145838-AlewifeHarvard1
Red,43145839-AlewifeHarvard1
Red,43145840-AlewifeHarvard1
Red,43145841-AlewifeHarvard1
Red,43145842-AlewifeHarvard1
Red,43145843-AlewifeHarvard1
Red,43145844-AlewifeHarvard1
Red,43145845-AlewifeHarvard1
Red,43145846-AlewifeHarvard1
Red,43145847-AlewifeHarvard1
Red,43145848-AlewifeHarvard1
Red,43145849-AlewifeHarvard1
Red,43145850-AlewifeHarvard1
Red,43145851-AlewifeHarvard1
Red,43145852-AlewifeHarvard1
Red,43145853-AlewifeHarvard1
Red,43145854-AlewifeHarvard1
Red,43145855-AlewifeHarvard1
Red,43145856-AlewifeHarvard1
Red,43145857-AlewifeHarvard1
Red,43145858-AlewifeHarvard1
Red,43145859-AlewifeHarvard1
Red,43145860-AlewifeHarvard1
Red,43145861-AlewifeHarvard1
Red,43145862-AlewifeHarvard1
Red,43145863-AlewifeHarvard1
Red,43145864-AlewifeHarvard1
Red,43145865-AlewifeHarvard1
Red,43145866-AlewifeHarvard1
Red,43145867-AlewifeHarvard1
Red,43145868-AlewifeHarvard1
Red,43145869-AlewifeHarvard1
Red,43145870-AlewifeHarvard1
Red,43145871-AlewifeHarvard1
Red,43145872-AlewifeHarvard1
Red,43145873-AlewifeHarvard1
Red,43145874-AlewifeHarvard1
Red,43145875-AlewifeHarvard1
Red,43145876-AlewifeHarvard1
Red,43145877-AlewifeHarvard1
Red,43145878-AlewifeHarvard1
Red,43145879-AlewifeHarvard1
Red,43145880-AlewifeHarvard1
Red,43145881-AlewifeHarvard1
Red,43145882-AlewifeHarvard1
Red,43145883-AlewifeHarvard1
Red,43145884-AlewifeHarvard1
Red,43145885-AlewifeHarvard1
Red,43145886-AlewifeHarvard1
Red,43145887-AlewifeHarvard1
Red,43145888-AlewifeHarvard1
Red,43145889-AlewifeHarvard1
Red,43145890-AlewifeHarvard1
Red,43145891-AlewifeHarvard1
Red,43145892-AlewifeHarvard1
Red,43145893-AlewifeHarvard1
Red,43145894-AlewifeHarvard1
Red,43145981-AlewifeHarvard1
Red,43145982-AlewifeHarvard1
Red,43145983-AlewifeHarvard1
Red,43145984-AlewifeHarvard1
Red,43145985-AlewifeHarvard1
Red,43145986-AlewifeHarvard1
Red,43145987-AlewifeHarvard1
Red,43145988-AlewifeHarvard1
Red,43145989-AlewifeHarvard1
Red,43145990-AlewifeHarvard1
Red,43145991-AlewifeHarvard1
Red,43145992-AlewifeHarvard1
Red,43145993-AlewifeHarvard1
Red,43145994-AlewifeHarvard1
Red,43145995-AlewifeHarvard1
Red,43145996-AlewifeHarvard1
Red,43145997-AlewifeHarvard1
Red,43145998-AlewifeHarvard1
Red,43145999-AlewifeHarvard1
Red,43146000-AlewifeHarvard1
Red,43146001-AlewifeHarvard1
Red,43146002-AlewifeHarvard1
Red,43146003-AlewifeHarvard1
Red,43146004-AlewifeHarvard1
Red,43146005-AlewifeHarvard1
Red,43146006-AlewifeHarvard1
Red,43146007-AlewifeHarvard1
Red,43146008-AlewifeHarvard1
Red,43146009-AlewifeHarvard1
Red,43146010-AlewifeHarvard1
Red,43146011-AlewifeHarvard1
Red,43146012-AlewifeHarvard1
Red,43146013-AlewifeHarvard1
Red,43146014-AlewifeHarvard1
Red,43146015-AlewifeHarvard1
Red,43146016-AlewifeHarvard1
Red,43146017-AlewifeHarvard1
Red,43146018-AlewifeHarvard1
Red,43146019-AlewifeHarvard1
Red,43146020-AlewifeHarvard1
Red,43146021-AlewifeHarvard1
Red,43146022-AlewifeHarvard1
Red,43146023-AlewifeHarvard1
Red,43146024-AlewifeHarvard1
Red,43146025-AlewifeHarvard1
Red,43146026-AlewifeHarvard1
Red,43146027-AlewifeHarvard1
Red,43146028-AlewifeHarvard1
Red,43146029-AlewifeHarvard1
Red,43146030-AlewifeHarvard1
Red,43146031-AlewifeHarvard1
Red,43146032-AlewifeHarvard1
Red,43146033-AlewifeHarvard1
Red,43146034-AlewifeHarvard1
Red,43146035-AlewifeHarvard1
Red,43146036-AlewifeHarvard1
Red,43146037-AlewifeHarvard1
Red,43146038-AlewifeHarvard1
Red,43146039-AlewifeHarvard1
Red,43146040-AlewifeHarvard1
Red,43146041-AlewifeHarvard1
Red,43146042-AlewifeHarvard1
Red,43146043-AlewifeHarvard1
Red,43146044-AlewifeHarvard1
Red,43146045-AlewifeHarvard1
Red,43146046-AlewifeHarvard1
Red,43146047-AlewifeHarvard1
Red,43146048-AlewifeHarvard1
Red,43146049-AlewifeHarvard1
Red,43146050-AlewifeHarvard1
Red,43146051-AlewifeHarvard1
Red,43146052-AlewifeHarvard1
Red,43146053-AlewifeHarvard1
Red,43146054-AlewifeHarvard1
Red,43146055-AlewifeHarvard1
Red,43146056-AlewifeHarvard1
Red,43146057-AlewifeHarvard1
Red,43146058-AlewifeHarvard1
Red,43146059-AlewifeHarvard1
Red,43146060-AlewifeHarvard1
Red,43146061-AlewifeHarvard1
Red,43146062-AlewifeHarvard1
Red,43146063-AlewifeHarvard1
Red,43146064-AlewifeHarvard1
Red,43146065-AlewifeHarvard1
Red,42884345-AlewifeHarvard1
Red,42884346-AlewifeHarvard1
Red,42884347-AlewifeHarvard1
Red,42884389-AlewifeHarvard1
Red,42884397-AlewifeHarvard1
Red,42884405-AlewifeHarvard1
Red,42884406-AlewifeHarvard1
Red,42884407-AlewifeHarvard1
Red,42884408-AlewifeHarvard1
Red,42884409-AlewifeHarvard1
Red,42884410-AlewifeHarvard1
Red,42884411-AlewifeHarvard1
Red,42884412-AlewifeHarvard1
Red,42884423-AlewifeHarvard1
Red,42884424-AlewifeHarvard1
Red,42884427-AlewifeHarvard1
Red,42884431-AlewifeHarvard1
Red,42884509-AlewifeHarvard1
Red,42884510-AlewifeHarvard1
Red,42884511-AlewifeHarvard1
Red,42884512-AlewifeHarvard1
Red,42884513-AlewifeHarvard1
Red,42884514-AlewifeHarvard1
Red,42884515-AlewifeHarvard1
Red,42884516-AlewifeHarvard1
Red,42884517-AlewifeHarvard1
Red,42884518-AlewifeHarvard1
Red,42884519-AlewifeHarvard1
Red,42884520-AlewifeHarvard1
Red,42884521-AlewifeHarvard1
Red,42884522-AlewifeHarvard1
Red,42884523-AlewifeHarvard1
Red,42884524-AlewifeHarvard1
Red,42884525-AlewifeHarvard1
Red,42884526-AlewifeHarvard1
Red,42884527-AlewifeHarvard1
Red,42884528-AlewifeHarvard1
Red,42884529-AlewifeHarvard1
Red,42884530-AlewifeHarvard1
Red,42884531-AlewifeHarvard1
Red,42884532-AlewifeHarvard1
Red,42884533-AlewifeHarvard1
Red,42884534-AlewifeHarvard1
Red,42884535-AlewifeHarvard1
Red,42884536-AlewifeHarvard1
Red,42884537-AlewifeHarvard1
Red,42884538-AlewifeHarvard1
Red,42884539-AlewifeHarvard1
Red,42884540-AlewifeHarvard1
Red,42884541-AlewifeHarvard1
Red,42884542-AlewifeHarvard1
Red,42884543-AlewifeHarvard1
Red,42884544-AlewifeHarvard1
Red,42884545-AlewifeHarvard1
Red,42884546-AlewifeHarvard1
Red,42884547-AlewifeHarvard1
Red,42884548-AlewifeHarvard1
Red,42884549-AlewifeHarvard1
Red,42884550-AlewifeHarvard1
Red,42884551-AlewifeHarvard1
Red,42884552-AlewifeHarvard1
Red,42884553-AlewifeHarvard1
Red,42884554-AlewifeHarvard1
Red,42884555-AlewifeHarvard1
Red,42884556-AlewifeHarvard1
Red,42884557-AlewifeHarvard1
Red,42884558-AlewifeHarvard1
Red,42884559-AlewifeHarvard1
Red,42884560-AlewifeHarvard1
Red,42884561-AlewifeHarvard1
Red,42884562-AlewifeHarvard1
Red,42884563-AlewifeHarvard1
Red,42884564-AlewifeHarvard1
Red,42884565-AlewifeHarvard1
Red,42884566-AlewifeHarvard1
Red,42884272-AlewifeHarvard1
Red,42884275-AlewifeHarvard1
Red,42884276-AlewifeHarvard1
Red,42884277-AlewifeHarvard1
Red,42884278-AlewifeHarvard1
Red,42884279-AlewifeHarvard1
Red,42884280-AlewifeHarvard1
Red,42884283-AlewifeHarvard1
Red,42884284-AlewifeHarvard1
Red,42884285-AlewifeHarvard1
Red,42884286-AlewifeHarvard1
Red,42884287-AlewifeHarvard1
Red,42884288-AlewifeHarvard1
Red,42884291-AlewifeHarvard1
Red,42884292-AlewifeHarvard1
Red,42884293-AlewifeHarvard1
Red,42884294-AlewifeHarvard1
Red,42884295-AlewifeHarvard1
Red,42884299-AlewifeHarvard1
Red,42884300-AlewifeHarvard1
Red,42884301-AlewifeHarvard1
Red,42884302-AlewifeHarvard1
Red,42884303-AlewifeHarvard1
Red,42884304-AlewifeHarvard1
Red,42884307-AlewifeHarvard1
Red,42884308-AlewifeHarvard1
Red,42884309-AlewifeHarvard1
Red,42884310-AlewifeHarvard1
Red,42884311-AlewifeHarvard1
Red,42884315-AlewifeHarvard1
Red,42884316-AlewifeHarvard1
Red,42884317-AlewifeHarvard1
Red,42884318-AlewifeHarvard1
Red,42884319-AlewifeHarvard1
Red,42884323-AlewifeHarvard1
Red,42884351-AlewifeHarvard1
Red,42884352-AlewifeHarvard1
Red,42884353-AlewifeHarvard1
Red,42884354-AlewifeHarvard1
Red,42884355-AlewifeHarvard1
Red,42884356-AlewifeHarvard1
Red,42884360-AlewifeHarvard1
Red,42884361-AlewifeHarvard1
Red,42884362-AlewifeHarvard1
Red,42884363-AlewifeHarvard1
Red,42884364-AlewifeHarvard1
Red,42884365-AlewifeHarvard1
Red,42884369-AlewifeHarvard1
Red,42884370-AlewifeHarvard1
Red,42884371-AlewifeHarvard1
Red,42884372-AlewifeHarvard1
Red,42884373-AlewifeHarvard1
Red,42884377-AlewifeHarvard1
Red,42884378-AlewifeHarvard1
Red,42884379-AlewifeHarvard1
Red,42884380-AlewifeHarvard1
Red,42884381-AlewifeHarvard1
Red,42884384-AlewifeHarvard1
Red,42884385-AlewifeHarvard1
Red,42884386-AlewifeHarvard1
Red,42884387-AlewifeHarvard1
Red,42884388-AlewifeHarvard1
Red,42884413-AlewifeHarvard1
Red,42884414-AlewifeHarvard1
Red,42884415-AlewifeHarvard1
Red,42884421-AlewifeHarvard1
Red,42884422-AlewifeHarvard1
Red,42884426-AlewifeHarvard1
Red,42884428-AlewifeHarvard1
Red,42884430-AlewifeHarvard1
Red,42884433-AlewifeHarvard1
Red,42884567-AlewifeHarvard1
Red,42884568-AlewifeHarvard1
Red,42884569-AlewifeHarvard1
Red,42884434-AlewifeHarvard1
Red,42884435-AlewifeHarvard1
Red,42884436-AlewifeHarvard1
Red,42884437-AlewifeHarvard1
Red,42884438-AlewifeHarvard1
Red,42884439-AlewifeHarvard1
Red,42884440-AlewifeHarvard1
Red,42884441-AlewifeHarvard1
Red,42884442-AlewifeHarvard1
Red,42884443-AlewifeHarvard1
Red,42884444-AlewifeHarvard1
Red,42884445-AlewifeHarvard1
Red,42884446-AlewifeHarvard1
Red,42884447-AlewifeHarvard1
Red,42884448-AlewifeHarvard1
Red,42884449-AlewifeHarvard1
Red,42884450-AlewifeHarvard1
Red,42884451-AlewifeHarvard1
Red,42884452-AlewifeHarvard1
Red,42884453-AlewifeHarvard1
Red,42884454-AlewifeHarvard1
Red,42884455-AlewifeHarvard1
Red,42884456-AlewifeHarvard1
Red,42884457-AlewifeHarvard1
Red,42884458-AlewifeHarvard1
Red,42884459-AlewifeHarvard1
Red,42884460-AlewifeHarvard1
Red,42884461-AlewifeHarvard1
Red,42884462-AlewifeHarvard1
Red,42884463-AlewifeHarvard1
Red,42884464-AlewifeHarvard1
Red,42884465-AlewifeHarvard1
Red,42884466-AlewifeHarvard1
Red,42884467-AlewifeHarvard1
Red,42884468-AlewifeHarvard1
Red,42884469-AlewifeHarvard1
Red,42884470-AlewifeHarvard1
Red,42884471-AlewifeHarvard1
Red,42884472-AlewifeHarvard1
Red,42884473-AlewifeHarvard1
Red,42884474-AlewifeHarvard1
Red,42884475-AlewifeHarvard1
Red,42884476-AlewifeHarvard1
Red,42884477-AlewifeHarvard1
Red,42884478-AlewifeHarvard1
Red,42884479-AlewifeHarvard1
Red,42884480-AlewifeHarvard1
Red,42884481-AlewifeHarvard1
Red,42884482-AlewifeHarvard1
Red,42884483-AlewifeHarvard1
Red,42884484-AlewifeHarvard1
Red,42884485-AlewifeHarvard1
Red,42884486-AlewifeHarvard1
Red,42884487-AlewifeHarvard1
Red,42884488-AlewifeHarvard1
Red,42884489-AlewifeHarvard1
Red,42884490-AlewifeHarvard1
Red,42884491-AlewifeHarvard1
Red,42884492-AlewifeHarvard1
Red,42884493-AlewifeHarvard1
Red,42884494-AlewifeHarvard1
Red,42884495-AlewifeHarvard1
Red,42884496-AlewifeHarvard1
Red,42884497-AlewifeHarvard1
Red,42884498-AlewifeHarvard1
Red,42884499-AlewifeHarvard1
Red,42884500-AlewifeHarvard1
Red,42884501-AlewifeHarvard1
Red,42884502-AlewifeHarvard1
Red,42884503-AlewifeHarvard1
Red,42884504-AlewifeHarvard1
Red,42884505-AlewifeHarvard1
Red,42884506-AlewifeHarvard1
Red,42884507-AlewifeHarvard1
Red,42884508-AlewifeHarvard1
Red,42884273-AlewifeHarvard1
Red,42884274-AlewifeHarvard1
Red,42884281-AlewifeHarvard1
Red,42884282-AlewifeHarvard1
Red,42884289-AlewifeHarvard1
Red,42884290-AlewifeHarvard1
Red,42884296-AlewifeHarvard1
Red,42884297-AlewifeHarvard1
Red,42884298-AlewifeHarvard1
Red,42884305-AlewifeHarvard1
Red,42884306-AlewifeHarvard1
Red,42884312-AlewifeHarvard1
Red,42884313-AlewifeHarvard1
Red,42884314-AlewifeHarvard1
Red,42884320-AlewifeHarvard1
Red,42884321-AlewifeHarvard1
Red,42884322-AlewifeHarvard1
Red,42884324-AlewifeHarvard1
Red,42884325-AlewifeHarvard1
Red,42884326-AlewifeHarvard1
Red,42884327-AlewifeHarvard1
Red,42884328-AlewifeHarvard1
Red,42884329-AlewifeHarvard1
Red,42884330-AlewifeHarvard1
Red,42884331-AlewifeHarvard1
Red,42884332-AlewifeHarvard1
Red,42884333-AlewifeHarvard1
Red,42884334-AlewifeHarvard1
Red,42884335-AlewifeHarvard1
Red,42884336-AlewifeHarvard1
Red,42884337-AlewifeHarvard1
Red,42884338-AlewifeHarvard1
Red,42884339-AlewifeHarvard1
Red,42884340-AlewifeHarvard1
Red,42884341-AlewifeHarvard1
Red,42884342-AlewifeHarvard1
Red,42884343-AlewifeHarvard1
Red,42884344-AlewifeHarvard1
Red,42884348-AlewifeHarvard1
Red,42884349-AlewifeHarvard1
Red,42884350-AlewifeHarvard1
Red,42884357-AlewifeHarvard1
Red,42884358-AlewifeHarvard1
Red,42884359-AlewifeHarvard1
Red,42884366-AlewifeHarvard1
Red,42884367-AlewifeHarvard1
Red,42884368-AlewifeHarvard1
Red,42884374-AlewifeHarvard1
Red,42884375-AlewifeHarvard1
Red,42884376-AlewifeHarvard1
Red,42884382-AlewifeHarvard1
Red,42884383-AlewifeHarvard1
Red,42884390-AlewifeHarvard1
Red,42884391-AlewifeHarvard1
Red,42884392-AlewifeHarvard1
Red,42884393-AlewifeHarvard1
Red,42884394-AlewifeHarvard1
Red,42884395-AlewifeHarvard1
Red,42884396-AlewifeHarvard1
Red,42884398-AlewifeHarvard1
Red,42884399-AlewifeHarvard1
Red,42884400-AlewifeHarvard1
Red,42884401-AlewifeHarvard1
Red,42884402-AlewifeHarvard1
Red,42884403-AlewifeHarvard1
Red,42884404-AlewifeHarvard1
Red,42884416-AlewifeHarvard1
Red,42884417-AlewifeHarvard1
Red,42884418-AlewifeHarvard1
Red,42884419-AlewifeHarvard1
Red,42884420-AlewifeHarvard1
Red,42884425-AlewifeHarvard1
Red,42884429-AlewifeHarvard1
Red,42884432-AlewifeHarvard1
Orange,43032078-20:45-HaySullTufts1
Orange,43032079-20:45-HaySullTufts1
Orange,43032080-20:45-HaySullTufts1
Orange,43032081-20:45-HaySullTufts1
Orange,43032082-20:45-HaySullTufts1
Orange,43032083-20:45-HaySullTufts1
Orange,43032084-20:45-HaySullTufts1
Orange,43032085-20:45-HaySullTufts1
Orange,43032086-20:45-HaySullTufts1
Orange,43032087-20:45-HaySullTufts1
Orange,43032088-20:45-HaySullTufts1
Orange,43032089-20:45-HaySullTufts1
Orange,43032090-20:45-HaySullTufts1
Orange,43032091-20:45-HaySullTufts1
Orange,43032092-20:45-HaySullTufts1
Orange,43032093-20:45-HaySullTufts1
Orange,43032094-20:45-HaySullTufts1
Orange,43032095-20:45-HaySullTufts1
Orange,43032096-20:45-HaySullTufts1
Orange,43032097-20:45-HaySullTufts1
Orange,43032098-20:45-HaySullTufts1
Orange,43032099-20:45-HaySullTufts1
Orange,43032100-20:45-HaySullTufts1
Orange,43032101-20:45-HaySullTufts1
Orange,43032102-20:45-HaySullTufts1
Orange,43032203-20:45-HaySullTufts1
Orange,43032204-20:45-HaySullTufts1
Orange,43032205-20:45-HaySullTufts1
Orange,43032206-20:45-HaySullTufts1
Orange,43032207-20:45-HaySullTufts1
Orange,43032208-20:45-HaySullTufts1
Orange,43032209-20:45-HaySullTufts1
Orange,43032210-20:45-HaySullTufts1
Orange,43032211-20:45-HaySullTufts1
Orange,43032212-20:45-HaySullTufts1
Orange,43032213-20:45-HaySullTufts1
Orange,43032214-20:45-HaySullTufts1
Orange,43032215-20:45-HaySullTufts1
Orange,43032216-20:45-HaySullTufts1
Orange,43032217-20:45-HaySullTufts1
Orange,43032218-20:45-HaySullTufts1
Orange,43032219-20:45-HaySullTufts1
Orange,43032220-20:45-HaySullTufts1
Orange,43032221-20:45-HaySullTufts1
Orange,43032222-20:45-HaySullTufts1
Orange,43032223-20:45-HaySullTufts1
Orange,43032224-20:45-HaySullTufts1
Orange,43032225-20:45-HaySullTufts1
Orange,43032226-20:45-HaySullTufts1
Orange,43032227-20:45-HaySullTufts1
Orange,42509838-HaySullTufts1
Orange,42509840-HaySullTufts1
Orange,42509846-HaySullTufts1
Orange,42509847-HaySullTufts1
Orange,42509848-HaySullTufts1
Orange,42509849-HaySullTufts1
Orange,42509850-HaySullTufts1
Orange,42509851-HaySullTufts1
Orange,42509852-HaySullTufts1
Orange,42509853-HaySullTufts1
Orange,42509854-HaySullTufts1
Orange,42509855-HaySullTufts1
Orange,42509856-HaySullTufts1
Orange,42509857-HaySullTufts1
Orange,42509858-HaySullTufts1
Orange,42509859-HaySullTufts1
Orange,42509860-HaySullTufts1
Orange,42509861-HaySullTufts1
Orange,42509862-HaySullTufts1
Orange,42509863-HaySullTufts1
Orange,42509864-HaySullTufts1
Orange,42509865-HaySullTufts1
Orange,42509866-HaySullTufts1
Orange,42509867-HaySullTufts1
Orange,42509868-HaySullTufts1
Orange,42509869-HaySullTufts1
Orange,42509870-HaySullTufts1
Orange,42509871-HaySullTufts1
Orange,42509872-HaySullTufts1
Orange,42509873-HaySullTufts1
Orange,42509874-HaySullTufts1
Orange,42509875-HaySullTufts1
Orange,42509876-HaySullTufts1
Orange,42509877-HaySullTufts1
Orange,42509878-HaySullTufts1
Orange,42509879-HaySullTufts1
Orange,42509880-HaySullTufts1
Orange,42509881-HaySullTufts1
Orange,42509882-HaySullTufts1
Orange,42509883-HaySullTufts1
Orange,42509884-HaySullTufts1
Orange,42509885-HaySullTufts1
Orange,42509886-HaySullTufts1
Orange,42509935-HaySullTufts1
Orange,42509940-HaySullTufts1
Orange,42509941-HaySullTufts1
Orange,42509942-HaySullTufts1
Orange,42509943-HaySullTufts1
Orange,42509944-HaySullTufts1
Orange,42509945-HaySullTufts1
Orange,42509946-HaySullTufts1
Orange,42509947-HaySullTufts1
Orange,42509948-HaySullTufts1
Orange,42509949-HaySullTufts1
Orange,42509950-HaySullTufts1
Orange,42509951-HaySullTufts1
Orange,42509952-HaySullTufts1
Orange,42509953-HaySullTufts1
Orange,42509954-HaySullTufts1
Orange,42509955-HaySullTufts1
Orange,42509956-HaySullTufts1
Orange,42509957-HaySullTufts1
Orange,42509958-HaySullTufts1
Orange,42509959-HaySullTufts1
Orange,42509960-HaySullTufts1
Orange,42509961-HaySullTufts1
Orange,42509962-HaySullTufts1
Orange,42509963-HaySullTufts1
Orange,42509964-HaySullTufts1
Orange,42509965-HaySullTufts1
Orange,42509966-HaySullTufts1
Orange,42509967-HaySullTufts1
Orange,42509968-HaySullTufts1
Orange,42509969-HaySullTufts1
Orange,42509970-HaySullTufts1
Orange,42509971-HaySullTufts1
Orange,42509972-HaySullTufts1
Orange,42509973-HaySullTufts1
Orange,42509974-HaySullTufts1
Orange,42509975-HaySullTufts1
Orange,42509976-HaySullTufts1
Orange,42509977-HaySullTufts1
Orange,42509978-HaySullTufts1
Orange,42509979-HaySullTufts1
Orange,42509980-HaySullTufts1
Orange,42509981-HaySullTufts1
Orange,42510024-HaySullTufts1
Orange,42510025-HaySullTufts1
Orange,42510026-HaySullTufts1
Orange,42510027-HaySullTufts1
Orange,42510028-HaySullTufts1
Orange,42510029-HaySullTufts1
Orange,42510030-HaySullTufts1
Orange,42510031-HaySullTufts1
Orange,42510032-HaySullTufts1
Orange,42510033-HaySullTufts1
Orange,42510034-HaySullTufts1
Orange,42510035-HaySullTufts1
Orange,42510036-HaySullTufts1
Orange,42510037-HaySullTufts1
Orange,42510038-HaySullTufts1
Orange,42510039-HaySullTufts1
Orange,42510040-HaySullTufts1
Orange,42510041-HaySullTufts1
Orange,42510042-HaySullTufts1
Orange,42510043-HaySullTufts1
Orange,42510044-HaySullTufts1
Orange,42510045-HaySullTufts1
Orange,42510046-HaySullTufts1
Orange,42510047-HaySullTufts1
Orange,42510048-HaySullTufts1
Orange,42510049-HaySullTufts1
Orange,42510050-HaySullTufts1
Orange,42510051-HaySullTufts1
Orange,42510052-HaySullTufts1
Orange,42510053-HaySullTufts1
Orange,42510054-HaySullTufts1
Orange,42509839-HaySullTufts1
Orange,42509841-HaySullTufts1
Orange,42509842-HaySullTufts1
Orange,42509843-HaySullTufts1
Orange,42509844-HaySullTufts1
Orange,42509845-HaySullTufts1
Orange,42509887-HaySullTufts1
Orange,42509888-HaySullTufts1
Orange,42509889-HaySullTufts1
Orange,42509890-HaySullTufts1
Orange,42509891-HaySullTufts1
Orange,42509892-HaySullTufts1
Orange,42509893-HaySullTufts1
Orange,42509894-HaySullTufts1
Orange,42509895-HaySullTufts1
Orange,42509896-HaySullTufts1
Orange,42509897-HaySullTufts1
Orange,42509898-HaySullTufts1
Orange,42509899-HaySullTufts1
Orange,42509900-HaySullTufts1
Orange,42509901-HaySullTufts1
Orange,42509902-HaySullTufts1
Orange,42509903-HaySullTufts1
Orange,42509904-HaySullTufts1
Orange,42509905-HaySullTufts1
Orange,42509906-HaySullTufts1
Orange,42509907-HaySullTufts1
Orange,42509908-HaySullTufts1
Orange,42509909-HaySullTufts1
Orange,42509910-HaySullTufts1
Orange,42509911-HaySullTufts1
Orange,42509912-HaySullTufts1
Orange,42509913-HaySullTufts1
Orange,42509914-HaySullTufts1
Orange,42509915-HaySullTufts1
Orange,42509916-HaySullTufts1
Orange,42509917-HaySullTufts1
Orange,42509918-HaySullTufts1
Orange,42509919-HaySullTufts1
Orange,42509920-HaySullTufts1
Orange,42509921-HaySullTufts1
Orange,42509922-HaySullTufts1
Orange,42509923-HaySullTufts1
Orange,42509924-HaySullTufts1
Orange,42509925-HaySullTufts1
Orange,42509926-HaySullTufts1
Orange,42509927-HaySullTufts1
Orange,42509936-HaySullTufts1
Orange,42509938-HaySullTufts1
Orange,42509939-HaySullTufts1
Orange,42509982-HaySullTufts1
Orange,42509983-HaySullTufts1
Orange,42509984-HaySullTufts1
Orange,42509985-HaySullTufts1
Orange,42509986-HaySullTufts1
Orange,42509987-HaySullTufts1
Orange,42509988-HaySullTufts1
Orange,42509989-HaySullTufts1
Orange,42509990-HaySullTufts1
Orange,42509991-HaySullTufts1
Orange,42509992-HaySullTufts1
Orange,42509993-HaySullTufts1
Orange,42509994-HaySullTufts1
Orange,42509995-HaySullTufts1
Orange,42509996-HaySullTufts1
Orange,42509997-HaySullTufts1
Orange,42509998-HaySullTufts1
Orange,42509999-HaySullTufts1
Orange,42510000-HaySullTufts1
Orange,42510001-HaySullTufts1
Orange,42510002-HaySullTufts1
Orange,42510003-HaySullTufts1
Orange,42510004-HaySullTufts1
Orange,42510005-HaySullTufts1
Orange,42510006-HaySullTufts1
Orange,42510007-HaySullTufts1
Orange,42510008-HaySullTufts1
Orange,42510009-HaySullTufts1
Orange,42510010-HaySullTufts1
Orange,42510011-HaySullTufts1
Orange,42510012-HaySullTufts1
Orange,42510013-HaySullTufts1
Orange,42510014-HaySullTufts1
Orange,42510015-HaySullTufts1
Orange,42510016-HaySullTufts1
Orange,42510017-HaySullTufts1
Orange,42510018-HaySullTufts1
Orange,42510019-HaySullTufts1
Orange,42510020-HaySullTufts1
Orange,42510021-HaySullTufts1
Orange,42510022-HaySullTufts1
Orange,42510023-HaySullTufts1
Orange,42510055-HaySullTufts1
Orange,42510056-HaySullTufts1
Orange,42510057-HaySullTufts1
Orange,42510058-HaySullTufts1
Orange,42510059-HaySullTufts1
Orange,42510060-HaySullTufts1
Orange,42510061-HaySullTufts1
Orange,42510062-HaySullTufts1
Orange,42510063-HaySullTufts1
Orange,42510064-HaySullTufts1
Orange,42510065-HaySullTufts1
Orange,42510066-HaySullTufts1
Orange,42510067-HaySullTufts1
Orange,42510068-HaySullTufts1
Orange,42510069-HaySullTufts1
Orange,42510070-HaySullTufts1
Orange,42510071-HaySullTufts1
Orange,42510072-HaySullTufts1
Orange,42510073-HaySullTufts1
Orange,42510074-HaySullTufts1
Orange,42510075-HaySullTufts1
Orange,42510076-HaySullTufts1
Orange,42510077-HaySullTufts1
Orange,42510078-HaySullTufts1
Orange,42510079-HaySullTufts1
Orange,42510095-HaySullTufts1
Orange,42510096-HaySullTufts1
Orange,42510097-HaySullTufts1
Orange,42510098-HaySullTufts1
Orange,42510099-HaySullTufts1
Orange,42510100-HaySullTufts1
Orange,42510101-HaySullTufts1
Orange,42510102-HaySullTufts1
Orange,42510103-HaySullTufts1
Orange,42510104-HaySullTufts1
Orange,42510105-HaySullTufts1
Orange,42510106-HaySullTufts1
Orange,42510107-HaySullTufts1
Orange,42510108-HaySullTufts1
Orange,42510109-HaySullTufts1
Orange,42510110-HaySullTufts1
Orange,42510111-HaySullTufts1
Orange,42510112-HaySullTufts1
Orange,42510113-HaySullTufts1
Orange,42510133-HaySullTufts1
Orange,42510134-HaySullTufts1
Orange,42510135-HaySullTufts1
Orange,42510136-HaySullTufts1
Orange,42510145-HaySullTufts1
Orange,42510146-HaySullTufts1
Orange,42510147-HaySullTufts1
Orange,42510148-HaySullTufts1
Orange,42510149-HaySullTufts1
Orange,42510150-HaySullTufts1
Orange,42510227-HaySullTufts1
Orange,42510228-HaySullTufts1
Orange,42510229-HaySullTufts1
Orange,42510230-HaySullTufts1
Orange,42510231-HaySullTufts1
Orange,42510232-HaySullTufts1
Orange,42510233-HaySullTufts1
Orange,42510234-HaySullTufts1
Orange,42510235-HaySullTufts1
Orange,42510236-HaySullTufts1
Orange,42510237-HaySullTufts1
Orange,42510238-HaySullTufts1
Orange,42510239-HaySullTufts1
Orange,42510240-HaySullTufts1
Orange,42510241-HaySullTufts1
Orange,42510242-HaySullTufts1
Orange,42510243-HaySullTufts1
Orange,42510244-HaySullTufts1
Orange,42510245-HaySullTufts1
Orange,42510246-HaySullTufts1
Orange,42510247-HaySullTufts1
Orange,42510248-HaySullTufts1
Orange,42510249-HaySullTufts1
Orange,42510250-HaySullTufts1
Orange,42510251-HaySullTufts1
Orange,42510252-HaySullTufts1
Orange,42510253-HaySullTufts1
Orange,42510254-HaySullTufts1
Orange,42510255-HaySullTufts1
Orange,42510256-HaySullTufts1
Orange,42510257-HaySullTufts1
Orange,42510258-HaySullTufts1
Orange,42510259-HaySullTufts1
Orange,42510260-HaySullTufts1
Orange,42510261-HaySullTufts1
Orange,42510262-HaySullTufts1
Orange,42510263-HaySullTufts1
Orange,42510264-HaySullTufts1
Orange,42510265-HaySullTufts1
Orange,42510266-HaySullTufts1
Orange,42510267-HaySullTufts1
Orange,42510268-HaySullTufts1
Orange,42510269-HaySullTufts1
Orange,42510270-HaySullTufts1
Orange,42510271-HaySullTufts1
Orange,42510272-HaySullTufts1
Orange,42510273-HaySullTufts1
Orange,42510274-HaySullTufts1
Orange,42510275-HaySullTufts1
Orange,42510276-HaySullTufts1
Orange,42510277-HaySullTufts1
Orange,42510278-HaySullTufts1
Orange,42510279-HaySullTufts1
Orange,42510280-HaySullTufts1
Orange,42510281-HaySullTufts1
Orange,42510282-HaySullTufts1
Orange,42510283-HaySullTufts1
Orange,42510284-HaySullTufts1
Orange,42510285-HaySullTufts1
Orange,42510286-HaySullTufts1
Orange,42510287-HaySullTufts1
Orange,42510288-HaySullTufts1
Orange,42510289-HaySullTufts1
Orange,42510290-HaySullTufts1
Orange,42510291-HaySullTufts1
Orange,42510292-HaySullTufts1
Orange,42510293-HaySullTufts1
Orange,42510294-HaySullTufts1
Orange,42510295-HaySullTufts1
Orange,42510093-HaySullTufts1
Orange,42510094-HaySullTufts1
Orange,42510114-HaySullTufts1
Orange,42510115-HaySullTufts1
Orange,42510116-HaySullTufts1
Orange,42510117-HaySullTufts1
Orange,42510118-HaySullTufts1
Orange,42510119-HaySullTufts1
Orange,42510120-HaySullTufts1
Orange,42510121-HaySullTufts1
Orange,42510122-HaySullTufts1
Orange,42510123-HaySullTufts1
Orange,42510124-HaySullTufts1
Orange,42510125-HaySullTufts1
Orange,42510126-HaySullTufts1
Orange,42510127-HaySullTufts1
Orange,42510128-HaySullTufts1
Orange,42510129-HaySullTufts1
Orange,42510130-HaySullTufts1
Orange,42510131-HaySullTufts1
Orange,42510132-HaySullTufts1
Orange,42510137-HaySullTufts1
Orange,42510151-HaySullTufts1
Orange,42510152-HaySullTufts1
Orange,42510153-HaySullTufts1
Orange,42510154-HaySullTufts1
Orange,42510155-HaySullTufts1
Orange,42510156-HaySullTufts1
Orange,42510157-HaySullTufts1
Orange,42510158-HaySullTufts1
Orange,42510159-HaySullTufts1
Orange,42510160-HaySullTufts1
Orange,42510161-HaySullTufts1
Orange,42510162-HaySullTufts1
Orange,42510163-HaySullTufts1
Orange,42510164-HaySullTufts1
Orange,42510165-HaySullTufts1
Orange,42510166-HaySullTufts1
Orange,42510167-HaySullTufts1
Orange,42510168-HaySullTufts1
Orange,42510169-HaySullTufts1
Orange,42510170-HaySullTufts1
Orange,42510171-HaySullTufts1
Orange,42510172-HaySullTufts1
Orange,42510173-HaySullTufts1
Orange,42510174-HaySullTufts1
Orange,42510175-HaySullTufts1
Orange,42510176-HaySullTufts1
Orange,42510177-HaySullTufts1
Orange,42510178-HaySullTufts1
Orange,42510179-HaySullTufts1
Orange,42510180-HaySullTufts1
Orange,42510181-HaySullTufts1
Orange,42510182-HaySullTufts1
Orange,42510183-HaySullTufts1
Orange,42510184-HaySullTufts1
Orange,42510185-HaySullTufts1
Orange,42510186-HaySullTufts1
Orange,42510187-HaySullTufts1
Orange,42510188-HaySullTufts1
Orange,42510189-HaySullTufts1
Orange,42510190-HaySullTufts1
Orange,42510191-HaySullTufts1
Orange,42510192-HaySullTufts1
Orange,42510193-HaySullTufts1
Orange,42510194-HaySullTufts1
Orange,42510195-HaySullTufts1
Orange,42510196-HaySullTufts1
Orange,42510197-HaySullTufts1
Orange,42510198-HaySullTufts1
Orange,42510199-HaySullTufts1
Orange,42510200-HaySullTufts1
Orange,42510201-HaySullTufts1
Orange,42510202-HaySullTufts1
Orange,42510203-HaySullTufts1
Orange,42510204-HaySullTufts1
Orange,42510205-HaySullTufts1
Orange,42510206-HaySullTufts1
Orange,42510207-HaySullTufts1
Orange,42510208-HaySullTufts1
Orange,42510209-HaySullTufts1
Orange,42510210-HaySullTufts1
Orange,42510211-HaySullTufts1
Orange,42510212-HaySullTufts1
Orange,42510213-HaySullTufts1
Orange,42510214-HaySullTufts1
Orange,42510215-HaySullTufts1
Orange,42510216-HaySullTufts1
Orange,42510217-HaySullTufts1
Orange,42510218-HaySullTufts1
Orange,42510219-HaySullTufts1
Orange,42510220-HaySullTufts1
Orange,42510221-HaySullTufts1
Orange,42510222-HaySullTufts1
Orange,42510223-HaySullTufts1
Orange,42510224-HaySullTufts1
Orange,42510225-HaySullTufts1
Orange,42510226-HaySullTufts1
CR-Franklin,CR-Saturday-Fall-19-1703-ForgeParkReadvilleForgeParkSouthStation1
CR-Franklin,CR-Saturday-Fall-19-1705-ForgeParkReadvilleForgeParkSouthStation1
CR-Franklin,CR-Saturday-Fall-19-1707-ForgeParkReadvilleForgeParkSouthStation1
CR-Franklin,CR-Saturday-Fall-19-1709-ForgeParkReadvilleForgeParkSouthStation1
CR-Franklin,CR-Saturday-Fall-19-1711-ForgeParkReadvilleForgeParkSouthStation1
CR-Franklin,CR-Saturday-Fall-19-1713-ForgeParkReadvilleForgeParkSouthStation1
CR-Franklin,CR-Saturday-Fall-19-1715-ForgeParkReadvilleForgeParkSouthStation1
CR-Franklin,CR-Saturday-Fall-19-1717-ForgeParkReadvilleForgeParkSouthStation1
CR-Franklin,CR-Saturday-Fall-19-1719-ForgeParkReadvilleForgeParkSouthStation1
CR-Franklin,CR-Saturday-Fall-19-1702-ForgeParkReadvilleForgeParkSouthStation1
CR-Franklin,CR-Saturday-Fall-19-1704-ForgeParkReadvilleForgeParkSouthStation1
CR-Franklin,CR-Saturday-Fall-19-1706-ForgeParkReadvilleForgeParkSouthStation1
CR-Franklin,CR-Saturday-Fall-19-1708-ForgeParkReadvilleForgeParkSouthStation1
CR-Franklin,CR-Saturday-Fall-19-1710-ForgeParkReadvilleForgeParkSouthStation1
CR-Franklin,CR-Saturday-Fall-19-1712-ForgeParkReadvilleForgeParkSouthStation1
CR-Franklin,CR-Saturday-Fall-19-1714-ForgeParkReadvilleForgeParkSouthStation1
CR-Franklin,CR-Saturday-Fall-19-1716-ForgeParkReadvilleForgeParkSouthStation1
CR-Franklin,CR-Saturday-Fall-19-1718-ForgeParkReadvilleForgeParkSouthStation1
CR-Franklin,CR-Sunday-Fall-19-2707-ForgeParkReadvilleForgeParkSouthStation1
CR-Franklin,CR-Sunday-Fall-19-2709-ForgeParkReadvilleForgeParkSouthStation1
CR-Franklin,CR-Sunday-Fall-19-2711-ForgeParkReadvilleForgeParkSouthStation1
CR-Franklin,CR-Sunday-Fall-19-2713-ForgeParkReadvilleForgeParkSouthStation1
CR-Franklin,CR-Sunday-Fall-19-2715-ForgeParkReadvilleForgeParkSouthStation1
CR-Franklin,CR-Sunday-Fall-19-2717-ForgeParkReadvilleForgeParkSouthStation1
CR-Franklin,CR-Sunday-Fall-19-2719-ForgeParkReadvilleForgeParkSouthStation1
CR-Franklin,CR-Sunday-Fall-19-2706-ForgeParkReadvilleForgeParkSouthStation1
CR-Franklin,CR-Sunday-Fall-19-2708-ForgeParkReadvilleForgeParkSouthStation1
CR-Franklin,CR-Sunday-Fall-19-2710-ForgeParkReadvilleForgeParkSouthStation1
CR-Franklin,CR-Sunday-Fall-19-2712-ForgeParkReadvilleForgeParkSouthStation1
CR-Franklin,CR-Sunday-Fall-19-2714-ForgeParkReadvilleForgeParkSouthStation1
CR-Franklin,CR-Sunday-Fall-19-2716-ForgeParkReadvilleForgeParkSouthStation1
CR-Franklin,CR-Sunday-Fall-19-2718-ForgeParkReadvilleForgeParkSouthStation1
