from_stop_id,to_stop_id,transfer_type,min_transfer_time,min_walk_time,min_wheelchair_time,suggested_buffer_time,wheelchair_transfer
102,1060,0,,,,,1
102,1123,0,,,,,1
102,72,0,,,,,1
102,place-cntsq,0,,,,,1
1060,102,0,,,,,1
1060,1123,0,,,,,1
1060,72,0,,,,,1
1060,place-cntsq,0,,,,,1
1123,102,0,,,,,1
1123,1060,0,,,,,1
1123,72,0,,,,,1
1123,place-cntsq,0,,,,,1
113,114,0,,,,,1
113,place-north,0,,,,,1
11384,176,0,,,,,1
11384,place-bbsta,0,,,,,1
114,113,0,,,,,1
114,place-north,0,,,,,1
1258,1323,0,,,,,1
1258,place-rcmnl,0,,,,,1
1276,1292,0,,,,,1
1276,place-bcnwa,0,,,,,1
1292,1276,0,,,,,1
1292,place-bcnwa,0,,,,,1
1308,1372,0,,,,,1
1308,place-cool,0,,,,,1
1323,1258,0,,,,,1
1323,place-rcmnl,0,,,,,1
1372,1308,0,,,,,1
1372,place-cool,0,,,,,1
150,151,0,,,,,1
150,place-brdwy,0,,,,,1
151,150,0,,,,,1
151,place-brdwy,0,,,,,1
15778,place-wondl,0,,,,,1
176,11384,0,,,,,1
176,place-bbsta,0,,,,,1
1761,6574,0,,,,,1
1761,place-hsmnl,0,,,,,1
1807,9434,0,,,,,1
1807,place-fenwy,0,,,,,1
187,188,0,,,,,1
187,place-masta,0,,,,,1
188,187,0,,,,,1
188,place-masta,0,,,,,1
2231,place-knncl,0,,,,,1
23151,2430,0,,,,,1
23151,place-portr,0,,,,,1
2430,23151,0,,,,,1
2430,place-portr,0,,,,,1
32000,place-qnctr,0,,,,,1
41391,81317,0,,,,,1
41391,place-nuniv,0,,,,,1
4510,place-gover,0,,,,,1
49002,6565,0,,,,,1
49002,place-tumnl,0,,,,,1
5810,5819,0,,,,,1
5810,place-bmmnl,0,,,,,1
5819,5810,0,,,,,1
5819,place-bmmnl,0,,,,,1
65,place-state,0,,,,,1
6565,49002,0,,,,,1
6565,place-tumnl,0,,,,,1
6574,1761,0,,,,,1
6574,place-hsmnl,0,,,,,1
72,102,0,,,,,1
72,1060,0,,,,,1
72,1123,0,,,,,1
72,place-cntsq,0,,,,,1
79,93,0,,,,,1
79,place-hymnl,0,,,,,1
81317,41391,0,,,,,1
81317,place-nuniv,0,,,,,1
93,79,0,,,,,1
93,place-hymnl,0,,,,,1
9326,place-ogmnl,0,,,,,1
9434,1807,0,,,,,1
9434,place-fenwy,0,,,,,1
place-bbsta,11384,0,,,,,1
place-bbsta,176,0,,,,,1
place-bcnwa,1276,0,,,,,1
place-bcnwa,1292,0,,,,,1
place-bmmnl,5810,0,,,,,1
place-bmmnl,5819,0,,,,,1
place-brdwy,150,0,,,,,1
place-brdwy,151,0,,,,,1
place-cntsq,102,0,,,,,1
place-cntsq,1060,0,,,,,1
place-cntsq,1123,0,,,,,1
place-cntsq,72,0,,,,,1
place-cool,1308,0,,,,,1
place-cool,1372,0,,,,,1
place-fenwy,1807,0,,,,,1
place-fenwy,9434,0,,,,,1
place-gover,4510,0,,,,,1
place-hsmnl,1761,0,,,,,1
place-hsmnl,6574,0,,,,,1
place-hymnl,79,0,,,,,1
place-hymnl,93,0,,,,,1
place-knncl,2231,0,,,,,1
place-masta,187,0,,,,,1
place-masta,188,0,,,,,1
place-north,113,0,,,,,1
place-north,114,0,,,,,1
place-nuniv,41391,0,,,,,1
place-nuniv,81317,0,,,,,1
place-ogmnl,9326,0,,,,,1
place-portr,23151,0,,,,,1
place-portr,2430,0,,,,,1
place-qnctr,32000,0,,,,,1
place-rcmnl,1258,0,,,,,1
place-rcmnl,1323,0,,,,,1
place-state,65,0,,,,,1
place-tumnl,49002,0,,,,,1
place-tumnl,6565,0,,,,,1
place-wondl,15778,0,,,,,1
Readville,Readville-S,1,,,,,1
Readville-S,Readville,1,,,,,1
10642,70001,2,177,117,149,60,1
10642,875,2,269,149,247,120,1
10642,Forest Hills,2,498,198,316,300,1
10642,Forest Hills-01,2,197,107,139,90,1
10642,Forest Hills-02,2,197,107,139,90,1
11531,70006,2,115,55,126,60,1
11531,70007,2,115,55,126,60,1
121,70085,2,255,195,299,60,1
121,70086,2,255,195,299,60,1
121,70095,2,251,191,294,60,1
121,70096,2,251,191,294,60,1
121,JFK/UMASS,2,388,88,114,300,1
1222,1258,2,230,110,142,120,1
1222,1323,2,223,103,133,120,1
1222,1357,2,207,87,113,120,1
1222,70008,2,212,152,243,60,1
1222,70009,2,212,152,243,60,1
12301,23151,2,310,190,440,120,1
12301,2430,2,314,194,404,120,1
12301,2460,2,308,188,460,120,1
12301,70065,2,298,238,279,60,1
12301,70066,2,298,238,313,60,1
12301,Porter Square,2,405,105,237,300,1
1258,1222,2,230,110,142,120,1
1258,1357,2,164,44,57,120,1
13,70083,2,145,85,169,60,1
13,70084,2,143,83,167,60,1
1323,1222,2,223,103,133,120,1
1323,1357,2,157,37,48,120,1
1357,1222,2,207,87,113,120,1
1357,1258,2,164,44,57,120,1
1357,1323,2,157,37,48,120,1
1357,70008,2,145,85,158,60,1
1357,70009,2,145,85,158,60,1
141,70061,2,197,137,263,60,1
141,Alewife-01,2,217,127,253,90,1
141,Alewife-02,2,217,127,253,90,1
14150,70209,2,155,35,43,120,1
14150,70210,2,218,98,124,120,1
15795,70059,2,142,82,103,60,1
15795,70060,2,142,82,,60,2
15880,5879,2,179,59,161,120,1
15880,5880,2,179,59,161,120,1
15880,70051,2,106,46,140,60,1
15880,70052,2,80,20,24,60,1
17861,17862,2,160,40,111,120,1
17861,17863,2,172,52,127,120,1
17861,70010,2,116,56,145,60,1
17861,70011,2,116,56,145,60,1
17861,Ruggles,2,353,53,118,300,1
17861,Ruggles-01,2,353,53,118,300,1
17861,Ruggles-02,2,428,128,226,300,1
17861,Ruggles-03,2,353,53,118,300,1
17862,17861,2,160,40,111,120,1
17862,17863,2,132,12,15,120,1
17862,70010,2,116,56,205,60,1
17862,70011,2,116,56,205,60,1
17862,Ruggles,2,332,32,152,300,1
17862,Ruggles-01,2,332,32,152,300,1
17862,Ruggles-02,2,398,98,126,300,1
17862,Ruggles-03,2,332,32,152,300,1
17863,17861,2,172,52,127,120,1
17863,17862,2,132,12,15,120,1
17863,70010,2,127,67,220,60,1
17863,70011,2,127,67,220,60,1
17863,Ruggles,2,344,44,167,300,1
17863,Ruggles-01,2,344,44,167,300,1
17863,Ruggles-02,2,409,109,142,300,1
17863,Ruggles-03,2,344,44,167,300,1
185,18511,2,146,26,34,120,1
185,70275,2,155,35,42,120,1
185,70276,2,153,33,40,120,1
18511,185,2,146,26,34,120,1
18511,70275,2,177,57,71,120,1
18511,70276,2,149,29,35,120,1
2076,20761,2,225,105,136,120,1
2076,20762,2,195,105,136,90,1
2076,70067,2,98,38,50,60,1
2076,70068,2,92,32,41,60,1
20761,2076,2,224,104,135,120,1
20761,20762,2,121,31,40,90,1
20761,70067,2,98,38,50,60,1
20761,70068,2,92,32,41,60,1
20762,2076,2,194,104,135,90,1
20762,20761,2,121,31,40,90,1
20762,70067,2,128,38,50,90,1
20762,70068,2,122,32,41,90,1
21917,70174,2,240,120,153,120,1
21917,70175,2,293,173,220,120,1
23151,12301,2,309,189,440,120,1
23151,2460,2,284,164,426,120,1
23391,70014,2,159,99,162,60,1
23391,70015,2,159,99,162,60,1
23391,Back Bay,2,363,63,82,300,1
23391,Back Bay-01,2,343,43,108,300,1
23391,Back Bay-02,2,383,83,183,300,1
23391,Back Bay-03,2,343,43,108,300,1
23391,Back Bay-05,2,481,181,282,300,1
23391,Back Bay-07,2,481,181,282,300,1
2430,12301,2,314,194,404,120,1
2430,2460,2,289,169,390,120,1
2460,12301,2,308,188,460,120,1
2460,23151,2,285,165,426,120,1
2460,2430,2,289,169,390,120,1
2460,70065,2,276,216,265,60,1
2460,70066,2,276,216,299,60,1
2460,Porter Square,2,380,80,223,300,1
29001,29002,2,136,16,21,120,1
29001,29003,2,145,25,33,120,1
29001,29004,2,155,35,45,120,1
29001,29005,2,164,44,57,120,1
29001,29006,2,174,54,70,120,1
29001,29007,2,171,51,66,120,1
29001,29008,2,164,44,57,120,1
29001,29009,2,164,44,57,120,1
29001,29010,2,164,44,57,120,1
29001,29011,2,164,44,57,120,1
29001,29012,2,164,44,57,120,1
29001,29013,2,164,44,57,120,1
29001,29014,2,164,44,57,120,1
29001,70030,2,93,33,43,60,1
29001,70031,2,93,33,43,60,1
29002,29001,2,136,16,21,120,1
29002,29003,2,130,10,13,120,1
29002,29004,2,139,19,25,120,1
29002,29005,2,148,28,37,120,1
29002,29006,2,158,38,49,120,1
29002,29007,2,171,51,66,120,1
29002,29008,2,164,44,57,120,1
29002,29009,2,164,44,57,120,1
29002,29010,2,164,44,57,120,1
29002,29011,2,164,44,57,120,1
29002,29012,2,164,44,57,120,1
29002,29013,2,164,44,57,120,1
29002,29014,2,164,44,57,120,1
29002,70030,2,93,33,43,60,1
29002,70031,2,93,33,43,60,1
29003,29001,2,145,25,33,120,1
29003,29002,2,130,10,13,120,1
29003,29004,2,130,10,13,120,1
29003,29005,2,139,19,24,120,1
29003,29006,2,149,29,37,120,1
29003,29007,2,171,51,66,120,1
29003,29008,2,164,44,57,120,1
29003,29009,2,164,44,57,120,1
29003,29010,2,164,44,57,120,1
29003,29011,2,164,44,57,120,1
29003,29012,2,164,44,57,120,1
29003,29013,2,164,44,57,120,1
29003,29014,2,164,44,57,120,1
29003,70030,2,86,26,34,60,1
29003,70031,2,86,26,34,60,1
29004,29001,2,155,35,45,120,1
29004,29002,2,139,19,25,120,1
29004,29003,2,130,10,13,120,1
29004,29005,2,129,9,11,120,1
29004,29006,2,139,19,24,120,1
29004,29007,2,171,51,66,120,1
29004,29008,2,164,44,57,120,1
29004,29009,2,164,44,57,120,1
29004,29010,2,164,44,57,120,1
29004,29011,2,164,44,57,120,1
29004,29012,2,164,44,57,120,1
29004,29013,2,164,44,57,120,1
29004,29014,2,164,44,57,120,1
29004,70030,2,86,26,34,60,1
29004,70031,2,86,26,34,60,1
29005,29001,2,164,44,57,120,1
29005,29002,2,148,28,37,120,1
29005,29003,2,139,19,24,120,1
29005,29004,2,129,9,11,120,1
29005,29006,2,130,10,13,120,1
29005,29007,2,171,51,66,120,1
29005,29008,2,164,44,57,120,1
29005,29009,2,164,44,57,120,1
29005,29010,2,164,44,57,120,1
29005,29011,2,164,44,57,120,1
29005,29012,2,164,44,57,120,1
29005,29013,2,164,44,57,120,1
29005,29014,2,164,44,57,120,1
29005,70030,2,86,26,34,60,1
29005,70031,2,86,26,34,60,1
29006,29001,2,174,54,70,120,1
29006,29002,2,158,38,49,120,1
29006,29003,2,149,29,37,120,1
29006,29004,2,139,19,24,120,1
29006,29005,2,130,10,13,120,1
29006,29007,2,171,51,66,120,1
29006,29008,2,164,44,57,120,1
29006,29009,2,164,44,57,120,1
29006,29010,2,164,44,57,120,1
29006,29011,2,164,44,57,120,1
29006,29012,2,164,44,57,120,1
29006,29013,2,164,44,57,120,1
29006,29014,2,164,44,57,120,1
29006,70030,2,86,26,34,60,1
29006,70031,2,86,26,34,60,1
29007,29001,2,171,51,66,120,1
29007,29002,2,171,51,66,120,1
29007,29003,2,171,51,66,120,1
29007,29004,2,171,51,66,120,1
29007,29005,2,171,51,66,120,1
29007,29006,2,171,51,66,120,1
29007,29008,2,135,15,20,120,1
29007,29009,2,146,26,33,120,1
29007,29010,2,155,35,45,120,1
29007,29011,2,143,23,29,120,1
29007,29012,2,150,30,38,120,1
29007,29013,2,160,40,51,120,1
29007,29014,2,169,49,63,120,1
29007,70030,2,87,27,35,60,1
29007,70031,2,87,27,35,60,1
29008,29001,2,164,44,57,120,1
29008,29002,2,164,44,57,120,1
29008,29003,2,164,44,57,120,1
29008,29004,2,164,44,57,120,1
29008,29005,2,164,44,57,120,1
29008,29006,2,164,44,57,120,1
29008,29007,2,135,15,20,120,1
29008,29009,2,131,11,14,120,1
29008,29010,2,140,20,25,120,1
29008,29011,2,148,28,36,120,1
29008,29012,2,154,34,44,120,1
29008,29013,2,164,44,57,120,1
29008,29014,2,173,53,69,120,1
29008,70030,2,80,20,26,60,1
29008,70031,2,80,20,26,60,1
29009,29001,2,164,44,57,120,1
29009,29002,2,164,44,57,120,1
29009,29003,2,164,44,57,120,1
29009,29004,2,164,44,57,120,1
29009,29005,2,164,44,57,120,1
29009,29006,2,164,44,57,120,1
29009,29007,2,146,26,33,120,1
29009,29008,2,131,11,14,120,1
29009,29010,2,129,9,12,120,1
29009,29011,2,158,38,49,120,1
29009,29012,2,165,45,58,120,1
29009,29013,2,175,55,71,120,1
29009,29014,2,184,64,83,120,1
29009,70030,2,80,20,26,60,1
29009,70031,2,80,20,26,60,1
29010,29001,2,164,44,57,120,1
29010,29002,2,164,44,57,120,1
29010,29003,2,164,44,57,120,1
29010,29004,2,164,44,57,120,1
29010,29005,2,164,44,57,120,1
29010,29006,2,164,44,57,120,1
29010,29007,2,155,35,45,120,1
29010,29008,2,140,20,25,120,1
29010,29009,2,129,9,12,120,1
29010,29011,2,167,47,61,120,1
29010,29012,2,174,54,70,120,1
29010,29013,2,184,64,83,120,1
29010,29014,2,193,73,95,120,1
29010,70030,2,80,20,26,60,1
29010,70031,2,80,20,26,60,1
29011,29001,2,164,44,57,120,1
29011,29002,2,164,44,57,120,1
29011,29003,2,164,44,57,120,1
29011,29004,2,164,44,57,120,1
29011,29005,2,164,44,57,120,1
29011,29006,2,164,44,57,120,1
29011,29007,2,143,23,29,120,1
29011,29008,2,148,28,36,120,1
29011,29009,2,158,38,49,120,1
29011,29010,2,167,47,61,120,1
29011,29012,2,135,15,19,120,1
29011,29013,2,145,25,33,120,1
29011,29014,2,154,34,45,120,1
29011,70030,2,80,20,26,60,1
29011,70031,2,80,20,26,60,1
29012,29001,2,164,44,57,120,1
29012,29002,2,164,44,57,120,1
29012,29003,2,164,44,57,120,1
29012,29004,2,164,44,57,120,1
29012,29005,2,164,44,57,120,1
29012,29006,2,164,44,57,120,1
29012,29007,2,150,30,38,120,1
29012,29008,2,154,34,44,120,1
29012,29009,2,165,45,58,120,1
29012,29010,2,174,54,70,120,1
29012,29011,2,135,15,19,120,1
29012,29013,2,131,11,14,120,1
29012,29014,2,140,20,26,120,1
29012,70030,2,80,20,26,60,1
29012,70031,2,80,20,26,60,1
29013,29001,2,164,44,57,120,1
29013,29002,2,164,44,57,120,1
29013,29003,2,164,44,57,120,1
29013,29004,2,164,44,57,120,1
29013,29005,2,164,44,57,120,1
29013,29006,2,164,44,57,120,1
29013,29007,2,160,40,51,120,1
29013,29008,2,164,44,57,120,1
29013,29009,2,175,55,71,120,1
29013,29010,2,184,64,83,120,1
29013,29011,2,145,25,33,120,1
29013,29012,2,131,11,14,120,1
29013,29014,2,129,9,12,120,1
29013,70030,2,80,20,26,60,1
29013,70031,2,80,20,26,60,1
29014,29001,2,164,44,57,120,1
29014,29002,2,164,44,57,120,1
29014,29003,2,164,44,57,120,1
29014,29004,2,164,44,57,120,1
29014,29005,2,164,44,57,120,1
29014,29006,2,164,44,57,120,1
29014,29007,2,169,49,63,120,1
29014,29008,2,173,53,69,120,1
29014,29009,2,184,64,83,120,1
29014,29010,2,193,73,95,120,1
29014,29011,2,154,34,45,120,1
29014,29012,2,140,20,26,120,1
29014,29013,2,129,9,12,120,1
29014,70030,2,80,20,26,60,1
29014,70031,2,80,20,26,60,1
3125,70097,2,192,132,208,60,1
3125,70098,2,192,132,208,60,1
32001,32002,2,150,30,39,120,1
32001,32003,2,160,40,52,120,1
32001,32004,2,169,49,63,120,1
32001,32005,2,179,59,76,120,1
32001,70101,2,101,41,114,60,1
32001,70102,2,101,41,114,60,1
32001,Quincy Center,2,360,60,142,300,1
32002,32001,2,150,30,39,120,1
32002,32003,2,170,50,65,120,1
32002,32004,2,179,59,76,120,1
32002,32005,2,189,69,89,120,1
32002,70101,2,111,51,127,60,1
32002,70102,2,111,51,127,60,1
32002,Quincy Center,2,370,70,155,300,1
32003,32001,2,160,40,52,120,1
32003,32002,2,170,50,65,120,1
32003,32004,2,189,69,89,120,1
32003,32005,2,199,79,102,120,1
32003,70101,2,121,61,140,60,1
32003,70102,2,121,61,140,60,1
32003,Quincy Center,2,380,80,167,300,1
32004,32001,2,169,49,63,120,1
32004,32002,2,179,59,76,120,1
32004,32003,2,189,69,89,120,1
32004,32005,2,208,88,114,120,1
32004,70101,2,130,70,152,60,1
32004,70102,2,130,70,152,60,1
32004,Quincy Center,2,389,89,179,300,1
32005,32001,2,179,59,76,120,1
32005,32002,2,189,69,89,120,1
32005,32003,2,199,79,102,120,1
32005,32004,2,208,88,114,120,1
32005,70101,2,140,80,165,60,1
32005,70102,2,140,80,165,60,1
32005,Quincy Center,2,399,99,192,300,1
323,70089,2,109,49,61,60,1
323,70090,2,108,48,60,60,1
334,70093,2,115,55,100,60,1
334,70094,2,115,55,,60,2
334,70261,2,208,88,111,120,1
38155,70160,2,213,93,118,120,1
38155,70161,2,214,94,119,120,1
38671,70105,2,111,51,101,60,1
38671,Braintree,2,545,245,317,300,1
38671,Braintree-01,2,131,41,91,90,1
38671,Braintree-02,2,131,41,91,90,1
5072,5327,2,225,105,136,120,1
5072,53270,2,216,96,124,120,1
5072,70034,2,134,74,141,60,1
5072,70035,2,134,74,141,60,1
5072,Malden Center,2,369,69,146,300,1
5104,70063,2,165,105,259,60,1
5104,70064,2,165,105,259,60,1
5271,70032,2,202,142,227,60,1
5271,70033,2,202,142,227,60,1
5327,5072,2,226,106,137,120,1
5327,53270,2,167,47,61,120,1
5327,70034,2,158,98,171,60,1
5327,70035,2,158,98,171,60,1
5327,Malden Center,2,382,82,162,300,1
53270,5072,2,217,97,125,120,1
53270,5327,2,167,47,61,120,1
53270,70034,2,149,89,160,60,1
53270,70035,2,149,89,160,60,1
53270,Malden Center,2,373,73,150,300,1
5666,70049,2,116,56,69,60,1
5666,70050,2,158,98,200,60,1
5740,57400,2,156,36,46,120,1
5740,70045,2,131,71,129,60,1
5740,70046,2,131,71,129,60,1
57400,5740,2,156,36,46,120,1
57400,70045,2,131,71,129,60,1
57400,70046,2,131,71,129,60,1
5879,15880,2,200,80,188,120,1
5879,5880,2,138,18,23,120,1
5879,70051,2,107,47,58,60,1
5879,70052,2,132,72,174,60,1
5880,15880,2,182,62,165,120,1
5880,5879,2,138,18,23,120,1
5880,70051,2,89,29,34,60,1
5880,70052,2,114,54,151,60,1
65,190,2,339,219,369,120,1
65471,190,2,259,139,373,120,1
65471,65,2,329,209,516,120,1
65471,70022,2,237,177,302,60,1
65471,70023,2,140,80,414,60,1
65471,70041,2,132,72,478,60,1
65471,70042,2,143,83,260,60,1
70001,10642,2,231,111,144,120,1
70001,875,2,200,80,157,120,1
70001,Forest Hills,2,359,119,214,240,1
70001,Forest Hills-01,2,101,11,14,90,1
70001,Forest Hills-02,2,101,11,14,90,1
70002,70003,2,116,56,72,60,1
70003,70002,2,116,56,72,60,1
70004,70005,2,117,57,74,60,1
70005,70004,2,116,56,72,60,1
70006,11531,2,165,45,116,120,1
70006,70007,2,115,55,72,60,1
70007,11531,2,165,45,116,120,1
70007,70006,2,115,55,72,60,1
70008,1222,2,262,142,233,120,1
70008,1357,2,195,75,148,120,1
70008,70009,2,148,88,114,60,1
70009,1222,2,262,142,233,120,1
70009,1357,2,195,75,148,120,1
70009,70008,2,148,88,114,60,1
70010,17861,2,167,47,137,120,1
70010,17862,2,167,47,197,120,1
70010,17863,2,179,59,212,120,1
70010,70011,2,75,15,19,60,1
70010,Ruggles,2,291,51,192,240,1
70010,Ruggles-01,2,291,51,192,240,1
70010,Ruggles-02,2,375,135,311,240,1
70010,Ruggles-03,2,291,51,192,240,1
70011,17861,2,167,47,137,120,1
70011,17862,2,167,47,197,120,1
70011,17863,2,179,59,212,120,1
70011,70010,2,75,15,19,60,1
70011,Ruggles,2,291,51,192,240,1
70011,Ruggles-01,2,291,51,192,240,1
70011,Ruggles-02,2,375,135,311,240,1
70011,Ruggles-03,2,291,51,192,240,1
70012,70013,2,125,65,84,60,1
70013,70012,2,125,65,84,60,1
70014,23391,2,205,85,146,120,1
70014,70015,2,74,14,18,60,1
70014,Back Bay,2,290,50,101,240,1
70014,Back Bay-01,2,314,74,184,240,1
70014,Back Bay-02,2,315,75,209,240,1
70014,Back Bay-03,2,314,74,184,240,1
70014,Back Bay-05,2,406,166,299,240,1
70014,Back Bay-07,2,406,166,299,240,1
70015,23391,2,205,85,146,120,1
70015,70014,2,74,14,18,60,1
70015,Back Bay,2,290,50,101,240,1
70015,Back Bay-01,2,314,74,184,240,1
70015,Back Bay-02,2,315,75,209,240,1
70015,Back Bay-03,2,314,74,184,240,1
70015,Back Bay-05,2,406,166,299,240,1
70015,Back Bay-07,2,406,166,299,240,1
70016,70017,2,156,96,208,60,1
70017,70016,2,156,96,208,60,1
70020,70021,2,138,78,,60,2
70020,70075,2,285,180,299,105,1
70020,70076,2,285,180,299,105,1
70020,70077,2,175,115,,60,2
70020,70078,2,171,111,,60,2
70020,70196,2,323,233,418,90,1
70020,70197,2,323,233,418,90,1
70020,70198,2,324,234,302,90,1
70020,70199,2,324,234,302,90,1
70020,70200,2,291,201,260,90,1
70020,71199,2,297,207,268,90,1
70021,70020,2,140,80,,60,2
70021,70075,2,322,217,,105,2
70021,70076,2,322,217,,105,2
70021,70077,2,204,144,341,60,1
70021,70078,2,145,85,159,60,1
70021,70196,2,361,271,,90,2
70021,70197,2,361,271,,90,2
70021,70198,2,361,271,,90,2
70021,70199,2,361,271,,90,2
70021,70200,2,328,238,,90,2
70021,71199,2,334,244,,90,2
70022,190,2,380,260,376,120,1
70022,70023,2,234,174,237,60,1
70022,70041,2,261,201,343,60,1
70022,70042,2,234,174,225,60,1
70023,190,2,269,149,276,120,1
70023,70022,2,213,153,200,60,1
70023,70041,2,115,55,71,60,1
70023,70042,2,124,64,125,60,1
70024,70025,2,100,40,172,60,1
70024,70203,2,169,79,212,90,1
70024,70204,2,169,79,212,90,1
70024,8310,2,208,88,264,120,1
70025,70024,2,90,30,158,60,1
70025,70203,2,170,80,214,90,1
70025,70204,2,170,80,214,90,1
70025,8310,2,208,88,173,120,1
70026,70027,2,120,60,104,60,1
70026,70205,2,132,42,64,90,1
70026,70206,2,106,16,13,90,1
70026,North Station,2,532,292,414,240,1
70027,70026,2,120,60,104,60,1
70027,70205,2,162,72,94,90,1
70027,70206,2,164,74,118,90,1
70027,North Station,2,555,315,444,240,1
70028,70029,2,101,41,52,60,1
70029,70028,2,101,41,52,60,1
70030,29001,2,153,33,43,120,1
70030,29002,2,153,33,43,120,1
70030,29003,2,146,26,34,120,1
70030,29004,2,146,26,34,120,1
70030,29005,2,146,26,34,120,1
70030,29006,2,146,26,34,120,1
70030,29007,2,147,27,35,120,1
70030,29008,2,140,20,26,120,1
70030,29009,2,140,20,26,120,1
70030,29010,2,140,20,26,120,1
70030,29011,2,140,20,26,120,1
70030,29012,2,140,20,26,120,1
70030,29013,2,140,20,26,120,1
70030,29014,2,140,20,26,120,1
70030,70031,2,66,6,8,60,1
70031,29001,2,153,33,43,120,1
70031,29002,2,153,33,43,120,1
70031,29003,2,146,26,34,120,1
70031,29004,2,146,26,34,120,1
70031,29005,2,146,26,34,120,1
70031,29006,2,146,26,34,120,1
70031,29007,2,147,27,35,120,1
70031,29008,2,140,20,26,120,1
70031,29009,2,140,20,26,120,1
70031,29010,2,140,20,26,120,1
70031,29011,2,140,20,26,120,1
70031,29012,2,140,20,26,120,1
70031,29013,2,140,20,26,120,1
70031,29014,2,140,20,26,120,1
70031,70030,2,66,6,8,60,1
70032,5271,2,283,163,257,120,1
70032,70033,2,65,5,6,60,1
70033,5271,2,283,163,257,120,1
70033,70032,2,65,5,6,60,1
70034,5072,2,176,56,121,120,1
70034,5327,2,199,79,151,120,1
70034,53270,2,190,70,139,120,1
70034,70035,2,76,16,21,60,1
70034,Malden Center,2,284,44,161,240,1
70035,5072,2,176,56,121,120,1
70035,5327,2,199,79,151,120,1
70035,53270,2,190,70,139,120,1
70035,70034,2,76,16,21,60,1
70035,Malden Center,2,284,44,161,240,1
70036,9328,2,227,107,185,120,1
70036,Oak Grove-01,2,95,5,6,90,1
70036,Oak Grove-02,2,95,5,6,90,1
70038,70838,2,82,22,28,60,1
70039,70040,2,69,9,12,60,1
70039,70201,2,138,48,106,90,1
70039,70202,2,124,34,88,90,1
70039,Government Center-Brattle,2,138,48,106,90,1
70040,70039,2,69,9,12,60,1
70040,70201,2,138,48,106,90,1
70040,70202,2,124,34,88,90,1
70040,Government Center-Brattle,2,138,48,106,90,1
70041,190,2,234,114,174,120,1
70041,70022,2,241,181,274,60,1
70041,70023,2,132,72,93,60,1
70041,70042,2,131,71,201,60,1
70042,190,2,176,56,113,120,1
70042,70022,2,227,167,216,60,1
70042,70023,2,139,79,116,60,1
70042,70041,2,144,84,218,60,1
70043,70044,2,127,67,187,60,1
70044,70043,2,127,67,187,60,1
70045,5740,2,196,76,139,120,1
70045,57400,2,196,76,139,120,1
70045,70046,2,92,32,42,60,1
70046,5740,2,196,76,139,120,1
70046,57400,2,196,76,139,120,1
70046,70045,2,92,32,42,60,1
70047,70048,2,114,54,189,60,1
70047,7096,2,200,80,224,120,1
70047,7097,2,189,69,210,120,1
70048,70047,2,108,48,182,60,1
70048,7096,2,166,46,60,120,1
70048,7097,2,155,35,45,120,1
70049,5666,2,167,47,60,120,1
70049,70050,2,113,53,145,60,1
70050,5666,2,210,90,192,120,1
70050,70049,2,113,53,144,60,1
70051,15880,2,170,50,149,120,1
70051,5879,2,149,29,38,120,1
70051,5880,2,149,29,38,120,1
70051,70052,2,85,25,116,60,1
70052,15880,2,145,25,32,120,1
70052,5879,2,169,49,147,120,1
70052,5880,2,169,49,147,120,1
70052,70051,2,85,25,116,60,1
70053,70054,2,250,190,245,60,1
70054,70053,2,243,183,237,60,1
70055,70056,2,92,32,162,60,1
70056,70055,2,92,32,162,60,1
70057,70058,2,83,23,110,60,1
70058,70057,2,81,21,107,60,1
70059,15795,2,192,72,93,120,1
70061,141,2,260,140,259,120,1
70061,Alewife-01,2,326,236,477,90,1
70061,Alewife-02,2,326,236,477,90,1
70063,5104,2,215,95,249,120,1
70063,70064,2,67,7,10,60,1
70064,5104,2,215,95,249,120,1
70064,70063,2,67,7,10,60,1
70065,12301,2,348,228,269,120,1
70065,2460,2,326,206,255,120,1
70065,70066,2,83,23,65,60,1
70065,Porter Square,2,400,160,205,240,1
70066,12301,2,348,228,303,120,1
70066,2460,2,326,206,289,120,1
70066,70065,2,91,31,65,60,1
70066,Porter Square,2,430,190,250,240,1
70067,2076,2,301,181,235,120,1
70067,20761,2,301,181,235,120,1
70067,20762,2,271,181,235,90,1
70067,70068,2,273,213,276,60,1
70068,2076,2,241,121,156,120,1
70068,20761,2,241,121,156,120,1
70068,20762,2,211,121,156,90,1
70068,70067,2,219,159,206,60,1
70073,70074,2,186,126,268,60,1
70074,70073,2,186,126,268,60,1
70075,70020,2,295,190,312,105,1
70075,70021,2,327,222,,105,2
70075,70076,2,63,3,4,60,1
70075,70077,2,360,255,,105,2
70075,70078,2,360,255,,105,2
70075,70196,2,152,62,130,90,1
70075,70197,2,152,62,130,90,1
70075,70198,2,184,94,171,90,1
70075,70199,2,184,94,171,90,1
70075,70200,2,178,88,180,90,1
70075,71199,2,184,94,187,90,1
70076,70020,2,295,190,312,105,1
70076,70021,2,327,222,,105,2
70076,70075,2,63,3,4,60,1
70076,70077,2,360,255,,105,2
70076,70078,2,360,255,,105,2
70076,70196,2,152,62,130,90,1
70076,70197,2,152,62,130,90,1
70076,70198,2,184,94,171,90,1
70076,70199,2,184,94,171,90,1
70076,70200,2,178,88,180,90,1
70076,71199,2,184,94,187,90,1
70077,70020,2,174,114,,60,2
70077,70021,2,195,135,329,60,1
70077,70075,2,349,244,,105,2
70077,70076,2,349,244,,105,2
70077,70078,2,106,46,164,60,1
70077,70196,2,387,297,,90,2
70077,70197,2,387,297,,90,2
70077,70198,2,387,297,,90,2
70077,70199,2,387,297,,90,2
70077,70200,2,355,265,,90,2
70077,71199,2,361,271,,90,2
70078,70020,2,170,110,,60,2
70078,70021,2,149,89,165,60,1
70078,70075,2,352,247,,105,2
70078,70076,2,352,247,,105,2
70078,70077,2,120,60,181,60,1
70078,70196,2,391,301,,90,2
70078,70197,2,391,301,,90,2
70078,70198,2,391,301,,90,2
70078,70199,2,391,301,,90,2
70078,70200,2,358,268,,90,2
70078,71199,2,364,274,,90,2
70079,70080,2,98,38,169,60,1
70079,74611,2,131,11,74,120,1
70079,74617,2,159,39,171,120,1
70079,South Station,2,402,162,270,240,1
70079,South Station-01,2,417,177,289,240,1
70079,South Station-02,2,403,163,270,240,1
70079,South Station-03,2,403,163,270,240,1
70079,South Station-04,2,392,152,257,240,1
70079,South Station-05,2,392,152,257,240,1
70079,South Station-06,2,388,148,252,240,1
70079,South Station-07,2,388,148,252,240,1
70079,South Station-08,2,385,145,248,240,1
70079,South Station-09,2,385,145,248,240,1
70079,South Station-10,2,386,146,249,240,1
70079,South Station-11,2,421,181,294,240,1
70079,South Station-12,2,425,185,300,240,1
70079,South Station-13,2,444,204,324,240,1
70079,South Station-S,2,304,64,189,240,1
70080,70079,2,95,35,165,60,1
70080,74611,2,147,27,95,120,1
70080,74617,2,162,42,114,120,1
70080,South Station,2,424,184,358,240,1
70080,South Station-01,2,438,198,377,240,1
70080,South Station-02,2,424,184,358,240,1
70080,South Station-03,2,424,184,358,240,1
70080,South Station-04,2,413,173,344,240,1
70080,South Station-05,2,413,173,344,240,1
70080,South Station-06,2,409,169,339,240,1
70080,South Station-07,2,409,169,339,240,1
70080,South Station-08,2,406,166,335,240,1
70080,South Station-09,2,406,166,335,240,1
70080,South Station-10,2,408,168,337,240,1
70080,South Station-11,2,442,202,382,240,1
70080,South Station-12,2,447,207,387,240,1
70080,South Station-13,2,465,225,411,240,1
70080,South Station-S,2,326,86,277,240,1
70081,70082,2,64,4,6,60,1
70082,70081,2,64,4,6,60,1
70083,13,2,210,90,178,120,1
70083,70084,2,146,86,171,60,1
70084,13,2,200,80,166,120,1
70084,70083,2,138,78,160,60,1
70085,121,2,300,180,283,120,1
70085,70086,2,66,6,8,60,1
70085,70095,2,88,28,136,60,1
70085,70096,2,88,28,136,60,1
70085,JFK/UMASS,2,453,213,326,240,1
70086,121,2,300,180,283,120,1
70086,70085,2,66,6,8,60,1
70086,70095,2,88,28,136,60,1
70086,70096,2,88,28,136,60,1
70086,JFK/UMASS,2,453,213,326,240,1
70087,70088,2,66,6,8,60,1
70088,70087,2,66,6,8,60,1
70089,323,2,161,41,53,120,1
70089,70090,2,77,17,22,60,1
70090,323,2,160,40,52,120,1
70090,70089,2,77,17,22,60,1
70091,70092,2,97,37,170,60,1
70092,70091,2,97,37,170,60,1
70093,334,2,165,45,90,120,1
70094,334,2,194,74,128,120,1
70094,70093,2,179,119,218,60,1
70094,70261,2,144,54,102,90,1
70095,121,2,297,177,279,120,1
70095,70085,2,88,28,136,60,1
70095,70086,2,88,28,136,60,1
70095,70096,2,66,6,8,60,1
70095,JFK/UMASS,2,450,210,321,240,1
70096,121,2,297,177,279,120,1
70096,70085,2,88,28,136,60,1
70096,70086,2,88,28,136,60,1
70096,70095,2,66,6,8,60,1
70096,JFK/UMASS,2,450,210,321,240,1
70097,3125,2,201,81,144,120,1
70097,70098,2,65,5,7,60,1
70098,3125,2,201,81,144,120,1
70098,70097,2,65,5,7,60,1
70099,70100,2,67,7,9,60,1
70100,70099,2,68,8,10,60,1
70101,32001,2,191,71,140,120,1
70101,32002,2,201,81,153,120,1
70101,32003,2,211,91,166,120,1
70101,32004,2,220,100,178,120,1
70101,32005,2,230,110,191,120,1
70101,70102,2,89,29,38,60,1
70101,Quincy Center,2,339,99,240,240,1
70102,32001,2,191,71,140,120,1
70102,32002,2,201,81,153,120,1
70102,32003,2,211,91,166,120,1
70102,32004,2,220,100,178,120,1
70102,32005,2,230,110,191,120,1
70102,70101,2,89,29,38,60,1
70102,Quincy Center,2,339,99,240,240,1
70103,70104,2,291,231,161,60,1
70104,70103,2,291,231,161,60,1
70105,38671,2,161,41,90,120,1
70105,Braintree,2,480,240,348,240,1
70105,Braintree-01,2,103,13,16,90,1
70105,Braintree-02,2,103,13,16,90,1
70150,70151,2,162,42,,120,2
70150,71150,2,134,14,,120,2
70150,71151,2,162,42,,120,2
70150,899,2,170,50,,120,2
70150,9070150,2,199,109,,90,2
70150,9070151,2,233,143,,90,2
70151,70150,2,162,42,,120,2
70151,71150,2,162,42,,120,2
70151,71151,2,128,8,,120,2
70151,899,2,165,45,,120,2
70151,9070150,2,195,105,,90,2
70151,9070151,2,229,139,,90,2
70152,70153,2,177,57,,120,2
70153,70152,2,177,57,,120,2
70156,70157,2,164,44,165,120,1
70157,70156,2,166,46,167,120,1
70160,38155,2,196,76,98,120,1
70160,70161,2,186,66,86,120,1
70161,38155,2,196,76,99,120,1
70161,70160,2,186,66,86,120,1
70162,70163,2,185,65,84,120,1
70163,70162,2,185,65,84,120,1
70164,70165,2,178,58,76,120,1
70165,70164,2,178,58,76,120,1
70166,70167,2,172,52,67,120,1
70167,70166,2,172,52,67,120,1
70168,70169,2,175,55,71,120,1
70169,70168,2,175,55,71,120,1
70170,70171,2,346,226,292,120,1
70171,70170,2,309,189,244,120,1
70172,70173,2,166,46,59,120,1
70173,70172,2,166,46,59,120,1
70174,21917,2,235,115,149,120,1
70174,70175,2,363,243,314,120,1
70175,21917,2,288,168,217,120,1
70175,70174,2,363,243,314,120,1
70176,70177,2,186,66,86,120,1
70177,70176,2,186,66,86,120,1
70178,70179,2,160,40,52,120,1
70178,9070178,2,264,174,225,90,1
70178,9070179,2,264,174,225,90,1
70179,70178,2,160,40,52,120,1
70179,9070178,2,272,182,235,90,1
70179,9070179,2,272,182,235,90,1
70180,70181,2,169,49,63,120,1
70181,70180,2,169,49,63,120,1
70182,70183,2,175,55,94,120,1
70183,70182,2,175,55,96,120,1
70186,70187,2,191,71,92,120,1
70187,70186,2,191,71,92,120,1
70196,70020,2,289,199,373,90,1
70196,70021,2,321,231,,90,2
70196,70075,2,130,40,102,90,1
70196,70076,2,130,40,102,90,1
70196,70077,2,354,264,,90,2
70196,70078,2,354,264,,90,2
70196,70197,2,124,4,6,120,1
70196,70198,2,154,34,44,120,1
70196,70199,2,154,34,44,120,1
70196,70200,2,161,41,53,120,1
70196,71199,2,161,41,53,120,1
70197,70020,2,289,199,373,90,1
70197,70021,2,321,231,,90,2
70197,70075,2,130,40,102,90,1
70197,70076,2,130,40,102,90,1
70197,70077,2,354,264,,90,2
70197,70078,2,354,264,,90,2
70197,70196,2,124,4,6,120,1
70197,70198,2,154,34,44,120,1
70197,70199,2,154,34,44,120,1
70197,70200,2,161,41,53,120,1
70197,71199,2,161,41,53,120,1
70198,70020,2,289,199,258,90,1
70198,70021,2,321,231,,90,2
70198,70075,2,154,64,132,90,1
70198,70076,2,154,64,132,90,1
70198,70077,2,354,264,,90,2
70198,70078,2,354,264,,90,2
70198,70196,2,154,34,44,120,1
70198,70197,2,154,34,44,120,1
70198,70199,2,124,4,6,120,1
70198,70200,2,155,35,45,120,1
70198,71199,2,155,35,45,120,1
70199,70020,2,289,199,258,90,1
70199,70021,2,321,231,,90,2
70199,70075,2,154,64,132,90,1
70199,70076,2,154,64,132,90,1
70199,70077,2,354,264,,90,2
70199,70078,2,354,264,,90,2
70199,70196,2,154,34,44,120,1
70199,70197,2,154,34,44,120,1
70199,70198,2,124,4,6,120,1
70199,70200,2,155,35,45,120,1
70199,71199,2,155,35,45,120,1
70200,70020,2,257,167,216,90,1
70200,70021,2,289,199,,90,2
70200,70075,2,133,43,122,90,1
70200,70076,2,133,43,122,90,1
70200,70077,2,322,232,,90,2
70200,70078,2,322,232,,90,2
70200,70196,2,161,41,53,120,1
70200,70197,2,161,41,53,120,1
70200,70198,2,155,35,45,120,1
70200,70199,2,155,35,45,120,1
70200,71199,2,126,6,8,120,1
70201,70039,2,126,36,91,90,1
70201,70040,2,126,36,91,90,1
70201,70202,2,144,24,31,120,1
70201,Government Center-Brattle,2,117,27,35,90,1
70202,70039,2,112,22,72,90,1
70202,70040,2,112,22,72,90,1
70202,70201,2,144,24,31,120,1
70202,Government Center-Brattle,2,111,21,27,90,1
70203,70024,2,134,44,167,90,1
70203,70025,2,150,60,188,90,1
70203,70204,2,169,49,64,120,1
70203,8310,2,186,66,126,120,1
70204,70024,2,134,44,167,90,1
70204,70025,2,150,60,188,90,1
70204,70203,2,169,49,64,120,1
70204,8310,2,186,66,126,120,1
70205,70026,2,132,42,64,90,1
70205,70027,2,162,72,105,90,1
70205,70206,2,162,42,64,120,1
70205,North Station,2,592,292,402,300,1
70206,70026,2,106,16,13,90,1
70206,70027,2,162,72,116,90,1
70206,70205,2,162,42,64,120,1
70206,North Station,2,625,325,457,300,1
70207,70208,2,141,21,107,120,1
70208,70207,2,141,21,107,120,1
70209,14150,2,145,25,33,120,1
70209,70210,2,233,113,147,120,1
70210,14150,2,208,88,114,120,1
70210,70209,2,233,113,147,120,1
70239,70240,2,184,64,179,120,1
70240,70239,2,184,64,179,120,1
70261,334,2,198,78,101,120,1
70261,70093,2,213,123,191,90,1
70261,70094,2,144,54,102,90,1
70263,70264,2,149,29,38,120,1
70264,70263,2,149,29,38,120,1
70265,70266,2,211,91,100,120,1
70266,70265,2,211,91,100,120,1
70267,70268,2,138,18,52,120,1
70268,70267,2,138,18,52,120,1
70271,70272,2,230,110,,120,2
70272,70271,2,230,110,,120,2
70275,185,2,145,25,32,120,1
70275,18511,2,167,47,61,120,1
70275,70276,2,167,47,61,120,1
70276,185,2,143,23,30,120,1
70276,18511,2,139,19,25,120,1
70276,70275,2,167,47,61,120,1
70278,70279,2,85,25,32,60,1
70279,70278,2,85,25,32,60,1
70838,70038,2,82,22,28,60,1
7096,70047,2,145,85,227,60,1
7096,70048,2,119,59,73,60,1
7096,7097,2,143,23,30,120,1
7097,70047,2,134,74,212,60,1
7097,70048,2,108,48,59,60,1
7097,7096,2,143,23,30,120,1
71150,70150,2,134,14,,120,2
71150,70151,2,162,42,,120,2
71150,71151,2,162,42,,120,2
71150,899,2,170,50,,120,2
71150,9070150,2,199,109,,90,2
71150,9070151,2,233,143,,90,2
71151,70150,2,162,42,,120,2
71151,70151,2,128,8,,120,2
71151,71150,2,162,42,,120,2
71151,899,2,165,45,,120,2
71151,9070150,2,195,105,,90,2
71151,9070151,2,229,139,,90,2
71199,70020,2,263,173,223,90,1
71199,70021,2,295,205,,90,2
71199,70075,2,139,49,130,90,1
71199,70076,2,139,49,130,90,1
71199,70077,2,328,238,,90,2
71199,70078,2,327,237,,90,2
71199,70196,2,161,41,53,120,1
71199,70197,2,161,41,53,120,1
71199,70198,2,155,35,45,120,1
71199,70199,2,155,35,45,120,1
71199,70200,2,126,6,8,120,1
74611,70079,2,78,18,80,60,1
74611,70080,2,97,37,105,60,1
74611,74617,2,154,34,164,120,1
74611,South Station,2,457,157,263,300,1
74611,South Station-01,2,472,172,282,300,1
74611,South Station-02,2,457,157,263,300,1
74611,South Station-03,2,457,157,263,300,1
74611,South Station-04,2,447,147,250,300,1
74611,South Station-05,2,447,147,250,300,1
74611,South Station-06,2,443,143,245,300,1
74611,South Station-07,2,443,143,245,300,1
74611,South Station-08,2,440,140,241,300,1
74611,South Station-09,2,440,140,241,300,1
74611,South Station-10,2,441,141,242,300,1
74611,South Station-11,2,476,176,287,300,1
74611,South Station-12,2,480,180,293,300,1
74611,South Station-13,2,498,198,317,300,1
74611,South Station-S,2,359,59,182,300,1
74612,74616,2,195,75,209,120,1
74613,74615,2,179,59,184,120,1
74615,74613,2,179,59,184,120,1
74616,74612,2,195,75,209,120,1
74617,70079,2,102,42,111,60,1
74617,70080,2,97,37,105,60,1
74617,74611,2,154,34,164,120,1
74617,South Station,2,460,160,267,300,1
74617,South Station-01,2,475,175,286,300,1
74617,South Station-02,2,460,160,267,300,1
74617,South Station-03,2,460,160,267,300,1
74617,South Station-04,2,450,150,254,300,1
74617,South Station-05,2,450,150,254,300,1
74617,South Station-06,2,446,146,249,300,1
74617,South Station-07,2,446,146,249,300,1
74617,South Station-08,2,443,143,245,300,1
74617,South Station-09,2,443,143,245,300,1
74617,South Station-10,2,444,144,246,300,1
74617,South Station-11,2,479,179,291,300,1
74617,South Station-12,2,483,183,297,300,1
74617,South Station-13,2,502,202,321,300,1
74617,South Station-S,2,362,62,186,300,1
8310,70024,2,123,63,228,60,1
8310,70025,2,139,79,249,60,1
8310,70203,2,196,76,136,120,1
8310,70204,2,196,76,136,120,1
875,10642,2,269,149,247,120,1
875,70001,2,146,86,162,60,1
875,Forest Hills,2,456,156,316,300,1
875,Forest Hills-01,2,166,76,152,90,1
875,Forest Hills-02,2,166,76,152,90,1
899,70150,2,180,60,,120,2
899,70151,2,175,55,,120,2
899,71150,2,180,60,,120,2
899,71151,2,175,55,,120,2
899,9070150,2,159,69,89,90,1
899,9070151,2,193,103,133,90,1
9070150,70150,2,199,109,,90,2
9070150,70151,2,195,105,,90,2
9070150,71150,2,199,109,,90,2
9070150,71151,2,195,105,,90,2
9070150,899,2,159,69,89,90,1
9070150,9070151,2,219,129,167,90,1
9070151,70150,2,233,143,,90,2
9070151,70151,2,229,139,,90,2
9070151,71150,2,233,143,,90,2
9070151,71151,2,229,139,,90,2
9070151,899,2,193,103,133,90,1
9070151,9070150,2,219,129,167,90,1
9070178,70178,2,264,174,225,90,1
9070178,70179,2,272,182,235,90,1
9070178,9070179,2,406,316,409,90,1
9070179,70178,2,264,174,225,90,1
9070179,70179,2,272,182,235,90,1
9070179,9070178,2,406,316,409,90,1
9328,70036,2,142,82,149,60,1
9328,Oak Grove-01,2,162,72,139,90,1
9328,Oak Grove-02,2,162,72,139,90,1
Alewife-01,141,2,230,140,259,90,1
Alewife-01,70061,2,326,236,477,90,1
Alewife-01,Alewife-02,2,326,236,477,90,1
Alewife-02,141,2,230,140,259,90,1
Alewife-02,70061,2,326,236,477,90,1
Alewife-02,Alewife-01,2,326,236,477,90,1
Back Bay,23391,2,183,63,82,120,1
Back Bay,70014,2,185,65,117,120,1
Back Bay,70015,2,185,65,117,120,1
Back Bay,Back Bay-01,2,179,59,128,120,1
Back Bay,Back Bay-02,2,180,60,154,120,1
Back Bay,Back Bay-03,2,179,59,128,120,1
Back Bay,Back Bay-05,2,272,152,244,120,1
Back Bay,Back Bay-07,2,272,152,244,120,1
Back Bay-01,23391,2,188,68,140,120,1
Back Bay-01,70014,2,233,113,232,120,1
Back Bay-01,70015,2,233,113,232,120,1
Back Bay-01,Back Bay,2,203,83,160,120,1
Back Bay-01,Back Bay-02,2,228,108,268,120,1
Back Bay-01,Back Bay-03,2,151,31,41,120,1
Back Bay-01,Back Bay-05,2,320,200,359,120,1
Back Bay-01,Back Bay-07,2,320,200,359,120,1
Back Bay-02,23391,2,262,142,260,120,1
Back Bay-02,70014,2,269,149,302,120,1
Back Bay-02,70015,2,269,149,302,120,1
Back Bay-02,Back Bay,2,240,120,231,120,1
Back Bay-02,Back Bay-01,2,264,144,314,120,1
Back Bay-02,Back Bay-03,2,264,144,314,120,1
Back Bay-02,Back Bay-05,2,357,237,430,120,1
Back Bay-02,Back Bay-07,2,357,237,430,120,1
Back Bay-03,23391,2,188,68,140,120,1
Back Bay-03,70014,2,233,113,232,120,1
Back Bay-03,70015,2,233,113,232,120,1
Back Bay-03,Back Bay,2,203,83,160,120,1
Back Bay-03,Back Bay-01,2,151,31,41,120,1
Back Bay-03,Back Bay-02,2,228,108,268,120,1
Back Bay-03,Back Bay-05,2,320,200,359,120,1
Back Bay-03,Back Bay-07,2,320,200,359,120,1
Back Bay-05,23391,2,301,181,282,120,1
Back Bay-05,70014,2,301,181,315,120,1
Back Bay-05,70015,2,301,181,315,120,1
Back Bay-05,Back Bay,2,272,152,244,120,1
Back Bay-05,Back Bay-01,2,296,176,328,120,1
Back Bay-05,Back Bay-02,2,297,177,353,120,1
Back Bay-05,Back Bay-03,2,296,176,328,120,1
Back Bay-05,Back Bay-07,2,165,45,58,120,1
Back Bay-07,23391,2,301,181,282,120,1
Back Bay-07,70014,2,301,181,315,120,1
Back Bay-07,70015,2,301,181,315,120,1
Back Bay-07,Back Bay,2,272,152,244,120,1
Back Bay-07,Back Bay-01,2,296,176,328,120,1
Back Bay-07,Back Bay-02,2,297,177,353,120,1
Back Bay-07,Back Bay-03,2,296,176,328,120,1
Back Bay-07,Back Bay-05,2,165,45,58,120,1
Braintree,38671,2,361,241,312,120,1
Braintree,70105,2,366,246,353,120,1
Braintree,Braintree-01,2,356,236,343,120,1
Braintree,Braintree-02,2,356,236,343,120,1
Braintree-01,38671,2,131,41,90,90,1
Braintree-01,70105,2,103,13,16,90,1
Braintree-01,Braintree,2,540,240,348,300,1
Braintree-01,Braintree-02,2,103,13,16,90,1
Braintree-02,38671,2,131,41,90,90,1
Braintree-02,70105,2,103,13,16,90,1
Braintree-02,Braintree,2,540,240,348,300,1
Braintree-02,Braintree-01,2,103,13,16,90,1
Forest Hills,10642,2,318,198,316,120,1
Forest Hills,70001,2,245,125,219,120,1
Forest Hills,875,2,276,156,316,120,1
Forest Hills,Forest Hills-01,2,235,115,209,120,1
Forest Hills,Forest Hills-02,2,235,115,209,120,1
Forest Hills-01,10642,2,201,111,144,90,1
Forest Hills-01,70001,2,101,11,14,90,1
Forest Hills-01,875,2,170,80,157,90,1
Forest Hills-01,Forest Hills,2,419,119,214,300,1
Forest Hills-01,Forest Hills-02,2,101,11,14,90,1
Forest Hills-02,10642,2,201,111,144,90,1
Forest Hills-02,70001,2,101,11,14,90,1
Forest Hills-02,875,2,170,80,157,90,1
Forest Hills-02,Forest Hills,2,419,119,214,300,1
Forest Hills-02,Forest Hills-01,2,101,11,14,90,1
Government Center-Brattle,70039,2,126,36,91,90,1
Government Center-Brattle,70040,2,126,36,91,90,1
Government Center-Brattle,70201,2,117,27,35,90,1
Government Center-Brattle,70202,2,111,21,27,90,1
JFK/UMASS,121,2,206,86,112,120,1
JFK/UMASS,70085,2,346,226,340,120,1
JFK/UMASS,70086,2,346,226,340,120,1
JFK/UMASS,70095,2,343,223,335,120,1
JFK/UMASS,70096,2,343,223,335,120,1
Malden Center,5072,2,189,69,146,120,1
Malden Center,5327,2,201,81,161,120,1
Malden Center,53270,2,192,72,149,120,1
Malden Center,70034,2,182,62,181,120,1
Malden Center,70035,2,182,62,181,120,1
North Station,70026,2,422,302,431,120,1
North Station,70027,2,445,325,474,120,1
North Station,70205,2,422,302,458,120,1
North Station,70206,2,455,335,474,120,1
Oak Grove-01,70036,2,95,5,6,90,1
Oak Grove-01,9328,2,197,107,185,90,1
Oak Grove-01,Oak Grove-02,2,95,5,6,90,1
Oak Grove-02,70036,2,95,5,6,90,1
Oak Grove-02,9328,2,197,107,185,90,1
Oak Grove-02,Oak Grove-01,2,95,5,6,90,1
Porter Square,12301,2,228,108,237,120,1
Porter Square,2460,2,203,83,223,120,1
Porter Square,70065,2,286,166,215,120,1
Porter Square,70066,2,292,172,260,120,1
Quincy Center,32001,2,180,60,142,120,1
Quincy Center,32002,2,190,70,155,120,1
Quincy Center,32003,2,200,80,167,120,1
Quincy Center,32004,2,209,89,179,120,1
Quincy Center,32005,2,219,99,192,120,1
Quincy Center,70101,2,189,69,215,120,1
Quincy Center,70102,2,189,69,215,120,1
Ruggles,17861,2,173,53,118,120,1
Ruggles,17862,2,152,32,152,120,1
Ruggles,17863,2,164,44,167,120,1
Ruggles,70010,2,180,60,200,120,1
Ruggles,70011,2,180,60,200,120,1
Ruggles,Ruggles-01,2,133,13,17,120,1
Ruggles,Ruggles-02,2,241,121,266,120,1
Ruggles,Ruggles-03,2,133,13,17,120,1
Ruggles-01,17861,2,173,53,118,120,1
Ruggles-01,17862,2,152,32,152,120,1
Ruggles-01,17863,2,164,44,167,120,1
Ruggles-01,70010,2,180,60,200,120,1
Ruggles-01,70011,2,180,60,200,120,1
Ruggles-01,Ruggles,2,133,13,17,120,1
Ruggles-01,Ruggles-02,2,241,121,266,120,1
Ruggles-01,Ruggles-03,2,133,13,17,120,1
Ruggles-02,17861,2,248,128,226,120,1
Ruggles-02,17862,2,218,98,126,120,1
Ruggles-02,17863,2,229,109,142,120,1
Ruggles-02,70010,2,264,144,319,120,1
Ruggles-02,70011,2,264,144,319,120,1
Ruggles-02,Ruggles,2,241,121,266,120,1
Ruggles-02,Ruggles-01,2,241,121,266,120,1
Ruggles-02,Ruggles-03,2,241,121,266,120,1
Ruggles-03,17861,2,173,53,118,120,1
Ruggles-03,17862,2,152,32,152,120,1
Ruggles-03,17863,2,164,44,167,120,1
Ruggles-03,70010,2,180,60,200,120,1
Ruggles-03,70011,2,180,60,200,120,1
Ruggles-03,Ruggles,2,133,13,17,120,1
Ruggles-03,Ruggles-01,2,133,13,17,120,1
Ruggles-03,Ruggles-02,2,241,121,266,120,1
South Station,70079,2,289,169,276,120,1
South Station,70080,2,314,194,368,120,1
South Station,74611,2,277,157,263,120,1
South Station,74617,2,280,160,267,120,1
South Station,South Station-01,2,275,155,200,120,1
South Station,South Station-02,2,275,155,200,120,1
South Station,South Station-03,2,275,155,200,120,1
South Station,South Station-04,2,280,160,207,120,1
South Station,South Station-05,2,280,160,207,120,1
South Station,South Station-06,2,288,168,218,120,1
South Station,South Station-07,2,288,168,218,120,1
South Station,South Station-08,2,285,165,214,120,1
South Station,South Station-09,2,285,165,214,120,1
South Station,South Station-10,2,271,151,196,120,1
South Station,South Station-11,2,305,185,239,120,1
South Station,South Station-12,2,299,179,231,120,1
South Station,South Station-13,2,289,169,218,120,1
South Station,South Station-S,2,263,143,185,120,1
South Station-01,70079,2,304,184,295,120,1
South Station-01,70080,2,329,209,387,120,1
South Station-01,74611,2,292,172,282,120,1
South Station-01,74617,2,295,175,286,120,1
South Station-01,South Station,2,275,155,200,120,1
South Station-01,South Station-02,2,223,103,133,120,1
South Station-01,South Station-03,2,223,103,133,120,1
South Station-01,South Station-04,2,236,116,150,120,1
South Station-01,South Station-05,2,236,116,150,120,1
South Station-01,South Station-06,2,248,128,165,120,1
South Station-01,South Station-07,2,248,128,165,120,1
South Station-01,South Station-08,2,260,140,182,120,1
South Station-01,South Station-09,2,260,140,182,120,1
South Station-01,South Station-10,2,274,154,199,120,1
South Station-01,South Station-11,2,304,184,238,120,1
South Station-01,South Station-12,2,310,190,245,120,1
South Station-01,South Station-13,2,320,200,258,120,1
South Station-01,South Station-S,2,249,129,167,120,1
South Station-02,70079,2,289,169,276,120,1
South Station-02,70080,2,314,194,368,120,1
South Station-02,74611,2,277,157,263,120,1
South Station-02,74617,2,280,160,267,120,1
South Station-02,South Station,2,275,155,200,120,1
South Station-02,South Station-01,2,223,103,133,120,1
South Station-02,South Station-03,2,127,7,8,120,1
South Station-02,South Station-04,2,227,107,138,120,1
South Station-02,South Station-05,2,227,107,138,120,1
South Station-02,South Station-06,2,239,119,154,120,1
South Station-02,South Station-07,2,239,119,154,120,1
South Station-02,South Station-08,2,253,133,172,120,1
South Station-02,South Station-09,2,253,133,172,120,1
South Station-02,South Station-10,2,262,142,183,120,1
South Station-02,South Station-11,2,294,174,225,120,1
South Station-02,South Station-12,2,300,180,233,120,1
South Station-02,South Station-13,2,308,188,243,120,1
South Station-02,South Station-S,2,249,129,167,120,1
South Station-03,70079,2,289,169,276,120,1
South Station-03,70080,2,314,194,368,120,1
South Station-03,74611,2,277,157,263,120,1
South Station-03,74617,2,280,160,267,120,1
South Station-03,South Station,2,275,155,200,120,1
South Station-03,South Station-01,2,223,103,133,120,1
South Station-03,South Station-02,2,127,7,8,120,1
South Station-03,South Station-04,2,227,107,138,120,1
South Station-03,South Station-05,2,227,107,138,120,1
South Station-03,South Station-06,2,239,119,154,120,1
South Station-03,South Station-07,2,239,119,154,120,1
South Station-03,South Station-08,2,253,133,172,120,1
South Station-03,South Station-09,2,253,133,172,120,1
South Station-03,South Station-10,2,262,142,183,120,1
South Station-03,South Station-11,2,294,174,225,120,1
South Station-03,South Station-12,2,300,180,233,120,1
South Station-03,South Station-13,2,308,188,243,120,1
South Station-03,South Station-S,2,249,129,167,120,1
South Station-04,70079,2,279,159,262,120,1
South Station-04,70080,2,304,184,355,120,1
South Station-04,74611,2,267,147,250,120,1
South Station-04,74617,2,270,150,254,120,1
South Station-04,South Station,2,280,160,207,120,1
South Station-04,South Station-01,2,236,116,150,120,1
South Station-04,South Station-02,2,227,107,138,120,1
South Station-04,South Station-03,2,227,107,138,120,1
South Station-04,South Station-05,2,127,7,8,120,1
South Station-04,South Station-06,2,225,105,136,120,1
South Station-04,South Station-07,2,225,105,136,120,1
South Station-04,South Station-08,2,241,121,157,120,1
South Station-04,South Station-09,2,241,121,157,120,1
South Station-04,South Station-10,2,250,130,169,120,1
South Station-04,South Station-11,2,281,161,208,120,1
South Station-04,South Station-12,2,286,166,215,120,1
South Station-04,South Station-13,2,295,175,227,120,1
South Station-04,South Station-S,2,253,133,172,120,1
South Station-05,70079,2,279,159,262,120,1
South Station-05,70080,2,304,184,355,120,1
South Station-05,74611,2,267,147,250,120,1
South Station-05,74617,2,270,150,254,120,1
South Station-05,South Station,2,280,160,207,120,1
South Station-05,South Station-01,2,236,116,150,120,1
South Station-05,South Station-02,2,227,107,138,120,1
South Station-05,South Station-03,2,227,107,138,120,1
South Station-05,South Station-04,2,127,7,8,120,1
South Station-05,South Station-06,2,225,105,136,120,1
South Station-05,South Station-07,2,225,105,136,120,1
South Station-05,South Station-08,2,241,121,157,120,1
South Station-05,South Station-09,2,241,121,157,120,1
South Station-05,South Station-10,2,250,130,169,120,1
South Station-05,South Station-11,2,281,161,208,120,1
South Station-05,South Station-12,2,286,166,215,120,1
South Station-05,South Station-13,2,295,175,227,120,1
South Station-05,South Station-S,2,253,133,172,120,1
South Station-06,70079,2,275,155,257,120,1
South Station-06,70080,2,300,180,350,120,1
South Station-06,74611,2,263,143,245,120,1
South Station-06,74617,2,266,146,249,120,1
South Station-06,South Station,2,288,168,218,120,1
South Station-06,South Station-01,2,248,128,165,120,1
South Station-06,South Station-02,2,239,119,154,120,1
South Station-06,South Station-03,2,239,119,154,120,1
South Station-06,South Station-04,2,225,105,136,120,1
South Station-06,South Station-05,2,225,105,136,120,1
South Station-06,South Station-07,2,127,7,8,120,1
South Station-06,South Station-08,2,229,109,141,120,1
South Station-06,South Station-09,2,229,109,141,120,1
South Station-06,South Station-10,2,237,117,152,120,1
South Station-06,South Station-11,2,269,149,193,120,1
South Station-06,South Station-12,2,275,155,200,120,1
South Station-06,South Station-13,2,283,163,210,120,1
South Station-06,South Station-S,2,249,129,167,120,1
South Station-07,70079,2,275,155,257,120,1
South Station-07,70080,2,300,180,350,120,1
South Station-07,74611,2,263,143,245,120,1
South Station-07,74617,2,266,146,249,120,1
South Station-07,South Station,2,288,168,218,120,1
South Station-07,South Station-01,2,248,128,165,120,1
South Station-07,South Station-02,2,239,119,154,120,1
South Station-07,South Station-03,2,239,119,154,120,1
South Station-07,South Station-04,2,225,105,136,120,1
South Station-07,South Station-05,2,225,105,136,120,1
South Station-07,South Station-06,2,127,7,8,120,1
South Station-07,South Station-08,2,229,109,141,120,1
South Station-07,South Station-09,2,229,109,141,120,1
South Station-07,South Station-10,2,237,117,152,120,1
South Station-07,South Station-11,2,269,149,193,120,1
South Station-07,South Station-12,2,275,155,200,120,1
South Station-07,South Station-13,2,283,163,210,120,1
South Station-07,South Station-S,2,249,129,167,120,1
South Station-08,70079,2,272,152,253,120,1
South Station-08,70080,2,297,177,346,120,1
South Station-08,74611,2,260,140,241,120,1
South Station-08,74617,2,263,143,245,120,1
South Station-08,South Station,2,285,165,214,120,1
South Station-08,South Station-01,2,260,140,182,120,1
South Station-08,South Station-02,2,253,133,172,120,1
South Station-08,South Station-03,2,253,133,172,120,1
South Station-08,South Station-04,2,241,121,157,120,1
South Station-08,South Station-05,2,241,121,157,120,1
South Station-08,South Station-06,2,229,109,141,120,1
South Station-08,South Station-07,2,229,109,141,120,1
South Station-08,South Station-09,2,127,7,8,120,1
South Station-08,South Station-10,2,224,104,135,120,1
South Station-08,South Station-11,2,256,136,176,120,1
South Station-08,South Station-12,2,262,142,183,120,1
South Station-08,South Station-13,2,270,150,194,120,1
South Station-08,South Station-S,2,246,126,163,120,1
South Station-09,70079,2,272,152,253,120,1
South Station-09,70080,2,297,177,346,120,1
South Station-09,74611,2,260,140,241,120,1
South Station-09,74617,2,263,143,245,120,1
South Station-09,South Station,2,285,165,214,120,1
South Station-09,South Station-01,2,260,140,182,120,1
South Station-09,South Station-02,2,253,133,172,120,1
South Station-09,South Station-03,2,253,133,172,120,1
South Station-09,South Station-04,2,241,121,157,120,1
South Station-09,South Station-05,2,241,121,157,120,1
South Station-09,South Station-06,2,229,109,141,120,1
South Station-09,South Station-07,2,229,109,141,120,1
South Station-09,South Station-08,2,127,7,8,120,1
South Station-09,South Station-10,2,224,104,135,120,1
South Station-09,South Station-11,2,256,136,176,120,1
South Station-09,South Station-12,2,262,142,183,120,1
South Station-09,South Station-13,2,270,150,194,120,1
South Station-09,South Station-S,2,246,126,163,120,1
South Station-10,70079,2,273,153,255,120,1
South Station-10,70080,2,298,178,347,120,1
South Station-10,74611,2,261,141,242,120,1
South Station-10,74617,2,264,144,246,120,1
South Station-10,South Station,2,270,150,195,120,1
South Station-10,South Station-01,2,274,154,199,120,1
South Station-10,South Station-02,2,262,142,183,120,1
South Station-10,South Station-03,2,262,142,183,120,1
South Station-10,South Station-04,2,250,130,169,120,1
South Station-10,South Station-05,2,250,130,169,120,1
South Station-10,South Station-06,2,237,117,152,120,1
South Station-10,South Station-07,2,237,117,152,120,1
South Station-10,South Station-08,2,224,104,135,120,1
South Station-10,South Station-09,2,224,104,135,120,1
South Station-10,South Station-11,2,158,38,50,120,1
South Station-10,South Station-12,2,174,54,70,120,1
South Station-10,South Station-13,2,178,58,75,120,1
South Station-10,South Station-S,2,247,127,165,120,1
South Station-11,70079,2,308,188,300,120,1
South Station-11,70080,2,333,213,392,120,1
South Station-11,74611,2,296,176,287,120,1
South Station-11,74617,2,299,179,291,120,1
South Station-11,South Station,2,304,184,238,120,1
South Station-11,South Station-01,2,304,184,238,120,1
South Station-11,South Station-02,2,294,174,225,120,1
South Station-11,South Station-03,2,294,174,225,120,1
South Station-11,South Station-04,2,281,161,208,120,1
South Station-11,South Station-05,2,281,161,208,120,1
South Station-11,South Station-06,2,269,149,193,120,1
South Station-11,South Station-07,2,269,149,193,120,1
South Station-11,South Station-08,2,256,136,176,120,1
South Station-11,South Station-09,2,256,136,176,120,1
South Station-11,South Station-10,2,158,38,50,120,1
South Station-11,South Station-12,2,208,88,114,120,1
South Station-11,South Station-13,2,213,93,121,120,1
South Station-11,South Station-S,2,282,162,210,120,1
South Station-12,70079,2,312,192,306,120,1
South Station-12,70080,2,337,217,398,120,1
South Station-12,74611,2,300,180,293,120,1
South Station-12,74617,2,303,183,297,120,1
South Station-12,South Station,2,298,178,230,120,1
South Station-12,South Station-01,2,310,190,245,120,1
South Station-12,South Station-02,2,300,180,233,120,1
South Station-12,South Station-03,2,300,180,233,120,1
South Station-12,South Station-04,2,286,166,215,120,1
South Station-12,South Station-05,2,286,166,215,120,1
South Station-12,South Station-06,2,275,155,200,120,1
South Station-12,South Station-07,2,275,155,200,120,1
South Station-12,South Station-08,2,262,142,183,120,1
South Station-12,South Station-09,2,262,142,183,120,1
South Station-12,South Station-10,2,174,54,70,120,1
South Station-12,South Station-11,2,208,88,114,120,1
South Station-12,South Station-13,2,208,88,114,120,1
South Station-12,South Station-S,2,286,166,215,120,1
South Station-13,70079,2,331,211,330,120,1
South Station-13,70080,2,355,235,422,120,1
South Station-13,74611,2,318,198,317,120,1
South Station-13,74617,2,322,202,321,120,1
South Station-13,South Station,2,288,168,217,120,1
South Station-13,South Station-01,2,320,200,258,120,1
South Station-13,South Station-02,2,308,188,243,120,1
South Station-13,South Station-03,2,308,188,243,120,1
South Station-13,South Station-04,2,295,175,227,120,1
South Station-13,South Station-05,2,295,175,227,120,1
South Station-13,South Station-06,2,283,163,210,120,1
South Station-13,South Station-07,2,283,163,210,120,1
South Station-13,South Station-08,2,270,150,194,120,1
South Station-13,South Station-09,2,270,150,194,120,1
South Station-13,South Station-10,2,178,58,75,120,1
South Station-13,South Station-11,2,213,93,121,120,1
South Station-13,South Station-12,2,208,88,114,120,1
South Station-13,South Station-S,2,305,185,239,120,1
South Station-S,70079,2,191,71,195,120,1
South Station-S,70080,2,216,96,287,120,1
South Station-S,74611,2,179,59,182,120,1
South Station-S,74617,2,182,62,186,120,1
South Station-S,South Station,2,263,143,185,120,1
South Station-S,South Station-01,2,249,129,167,120,1
South Station-S,South Station-02,2,249,129,167,120,1
South Station-S,South Station-03,2,249,129,167,120,1
South Station-S,South Station-04,2,253,133,172,120,1
South Station-S,South Station-05,2,253,133,172,120,1
South Station-S,South Station-06,2,249,129,167,120,1
South Station-S,South Station-07,2,249,129,167,120,1
South Station-S,South Station-08,2,246,126,163,120,1
South Station-S,South Station-09,2,246,126,163,120,1
South Station-S,South Station-10,2,247,127,165,120,1
South Station-S,South Station-11,2,282,162,210,120,1
South Station-S,South Station-12,2,286,166,215,120,1
South Station-S,South Station-13,2,305,185,239,120,1
70018,70019,3,,,,,
70019,70018,3,,,,,
70059,70060,3,,,,,
70060,15795,3,,,,,
70060,70059,3,,,,,
70069,70070,3,,,,,
70070,70069,3,,,,,
70071,70072,3,,,,,
70072,70071,3,,,,,
70093,70094,3,,,,,
70093,70261,3,,,,,
70154,70155,3,,,,,
70155,70154,3,,,,,
70158,70159,3,,,,,
70159,70158,3,,,,,
70241,70242,3,,,,,
70242,70241,3,,,,,
