service_id,monday,tuesday,wednesday,thursday,friday,saturday,sunday,start_date,end_date
BUS320-2-Sa-02,1,1,1,1,1,0,0,20200724,20200814
BUS320-5-Su-02,0,0,0,0,0,0,1,20200726,20200823
BUS320-6-Sa-02,1,1,1,1,1,0,0,20200724,20200814
BUS320-9-Su-02,0,0,0,0,0,0,1,20200726,20200823
BUS320-A-Sa-02,1,1,1,1,1,0,0,20200724,20200814
BUS320-C-Sa-02,1,1,1,1,1,0,0,20200724,20200814
BUS320-F-Su-02,0,0,0,0,0,0,1,20200726,20200823
BUS320-G-Sa-02,1,1,1,1,1,0,0,20200724,20200814
BUS320-J-Su-02,0,0,0,0,0,0,1,20200726,20200823
BUS320-K-Sa-02,1,1,1,1,1,0,0,20200724,20200814
BUS320-M-Su-02,0,0,0,0,0,0,1,20200726,20200823
BUS320-N-Sa-02,1,1,1,1,1,0,0,20200724,20200814
BUS320-R-Su-02,0,0,0,0,0,0,1,20200726,20200823
BUS320-S-Sa-02,1,1,1,1,1,0,0,20200724,20200814
BUS320-U-Su-02,0,0,0,0,0,0,1,20200726,20200823
BUS320-V-Sa-02,1,1,1,1,1,0,0,20200724,20200814
BUS320-W-Sa-02,0,0,0,0,0,1,0,20200725,20200815
BUS320-X-Sa-02,0,0,0,0,0,1,0,20200822,20200829
BUS320-Z-Sa-02,0,0,0,0,0,1,0,20200822,20200829
Boat-F1-WkdLmd,1,1,1,1,1,0,0,20200724,20200828
Boat-F4-Wkd,1,1,1,1,1,0,0,20200724,20200828
CR-Sa-Fairmount-Smr-20,0,0,0,0,0,1,0,20200725,20200829
CR-Sa-Fitchburg-Smr-20,0,0,0,0,0,1,0,20200801,20200808
CR-Sa-Fitchburg-Smr-20-FtgGLX,0,0,0,0,0,1,0,20200815,20200822
CR-Sa-Franklin-Smr-20,0,0,0,0,0,1,0,20200725,20200829
CR-Sa-Greenbush-Smr-20,0,0,0,0,0,1,0,20200808,20200829
CR-Sa-Greenbush-Smr-20-GrhSthStn,0,0,0,0,0,1,0,20200725,20200801
CR-Sa-Haverhill-Smr-20,0,0,0,0,0,1,0,20200725,20200829
CR-Sa-Kingston-Smr-20,0,0,0,0,0,1,0,20200725,20200829
CR-Sa-Lowell-Smr-20,0,0,0,0,0,1,0,20200725,20200829
CR-Sa-Middleborough-Smr-20,0,0,0,0,0,1,0,20200725,20200829
CR-Sa-Needham-Smr-20,0,0,0,0,0,1,0,20200725,20200829
CR-Sa-Newburyport-Smr-20,0,0,0,0,0,1,0,20200725,20200829
CR-Sa-Providence-Smr-20,0,0,0,0,0,1,0,20200725,20200829
CR-Sa-Worcester-DivWorcesterPTC-20,0,0,0,0,0,1,0,20200725,20200829
CR-Su-Fairmount-Smr-20,0,0,0,0,0,0,1,20200726,20200823
CR-Su-Fitchburg-Smr-20,0,0,0,0,0,0,1,20200802,20200809
CR-Su-Fitchburg-Smr-20-FtgGLX,0,0,0,0,0,0,1,20200816,20200823
CR-Su-Franklin-Smr-20,0,0,0,0,0,0,1,20200726,20200823
CR-Su-Greenbush-Smr-20,0,0,0,0,0,0,1,20200809,20200823
CR-Su-Greenbush-Smr-20-GrhSthStn,0,0,0,0,0,0,1,20200726,20200802
CR-Su-Haverhill-Smr-20,0,0,0,0,0,0,1,20200726,20200823
CR-Su-Kingston-Smr-20,0,0,0,0,0,0,1,20200726,20200823
CR-Su-Lowell-Smr-20,0,0,0,0,0,0,1,20200726,20200823
CR-Su-Middleborough-Smr-20,0,0,0,0,0,0,1,20200726,20200823
CR-Su-Newburyport-Smr-20,0,0,0,0,0,0,1,20200726,20200823
CR-Su-Providence-Smr-20,0,0,0,0,0,0,1,20200726,20200823
CR-Su-Worcester-DivWorcesterPTC-20,0,0,0,0,0,0,1,20200726,20200823
CR-Wdy-Fairmount-Smr-20,1,1,1,1,1,0,0,20200724,20200828
CR-Wdy-Fitchburg-Smr-20,1,1,1,1,1,0,0,20200724,20200828
CR-Wdy-Franklin-Smr-20,1,1,1,1,1,0,0,20200724,20200828
CR-Wdy-Greenbush-Smr-20,1,1,1,1,1,0,0,20200724,20200828
CR-Wdy-Haverhill-Smr-20,1,1,1,1,1,0,0,20200724,20200828
CR-Wdy-Kingston-Smr-20,1,1,1,1,1,0,0,20200724,20200828
CR-Wdy-Lowell-Smr-20,1,1,1,1,1,0,0,20200724,20200828
CR-Wdy-Middleborough-Smr-20,1,1,1,1,1,0,0,20200724,20200828
CR-Wdy-Needham-Smr-20,1,1,1,1,1,0,0,20200724,20200828
CR-Wdy-Newburyport-Smr-20,1,1,1,1,1,0,0,20200724,20200828
CR-Wdy-Providence-Smr-20,1,1,1,1,1,0,0,20200724,20200828
CR-Wdy-Worcester-DivWorcesterPTC-20,0,0,0,0,1,0,0,20200731,20200731
CR-Wdy-Worcester-Smr-20,1,1,1,1,1,0,0,20200724,20200828
CapeFlyer-Frd,0,0,0,0,1,0,0,20200724,20200828
CapeFlyer-Snd,0,0,0,0,0,0,1,20200726,20200823
CapeFlyer-Std,0,0,0,0,0,1,0,20200725,20200829
Green-C-Shuttle-Sat,0,0,0,0,0,1,0,20200725,20200801
Green-C-Shuttle-Sun,0,0,0,0,0,0,1,20200726,20200726
Green-C-Shuttle-Wkdy,1,1,1,1,1,0,0,20200724,20200731
LRV320-1-Wdy-01,1,1,1,1,1,0,0,20200724,20200731
LRV320-2-Sa-01,0,0,0,0,0,1,0,20200725,20200801
LRV320-3-Su-01,0,0,0,0,0,0,1,20200726,20200726
LRV320-4-Wdy-01,1,1,1,1,1,0,0,20200803,20200828
LRV320-5-Sa-01,0,0,0,0,0,1,0,20200808,20200829
LRV320-6-Su-01,0,0,0,0,0,0,1,20200802,20200823
LRV320-7-Wdy-01,1,1,1,1,1,0,0,20200724,20200828
LRV320-7-Wdy-01-20:45-AstMtn,0,0,1,0,0,0,0,20200729,20200729
LRV320-7-Wdy-01-AstMtn,0,0,0,1,0,0,0,20200730,20200730
LRV320-9-Su-01,0,0,0,0,0,0,1,20200726,20200823
PRIV320-1-Wdy-01,1,1,1,1,1,0,0,20200724,20200828
PRIV320-3-Wdy-01,1,1,1,1,1,0,0,20200724,20200828
PRIV320-5-Su-01,0,0,0,0,0,0,1,20200726,20200823
PRIV320-6-Wdy-01S0,1,1,1,1,1,0,0,20200724,20200814
PRIV320-8-Sa-01,1,1,1,1,1,1,0,20200724,20200815
PRIV320-9-Su-01,0,0,0,0,0,0,1,20200726,20200823
PRIV320-A-Wdy-01,1,1,1,1,1,0,0,20200724,20200828
PRIV320-C-Su-01,0,0,0,0,0,0,1,20200726,20200823
RTL320-1-Wdy-01,1,1,1,1,1,0,0,20200724,20200828
RTL320-2-Sa-01,0,0,0,0,0,1,0,20200725,20200725
RTL320-2-Sa-01-ArtBwn,0,0,0,0,0,1,0,20200801,20200829
RTL320-3-Su-01,0,0,0,0,0,0,1,20200726,20200726
RTL320-3-Su-01-ArtBwn,0,0,0,0,0,0,1,20200802,20200823
RTL320-4-Wdy-01,1,1,1,1,0,0,0,20200727,20200827
RTL320-4-Wdy-01-20:45-OrgSkpNrhStnNrd,0,0,0,0,1,0,0,20200821,20200828
RTL320-4-Wdy-01-20:45-OrgSkpNrhStnStd,0,0,0,0,1,0,0,20200724,20200814
RTL320-5-Sa-01,0,0,0,0,0,1,0,20200801,20200801
RTL320-5-Sa-01-OrgSkpNrhStnNrd,0,0,0,0,0,1,0,20200822,20200829
RTL320-5-Sa-01-OrgSkpNrhStnStd,0,0,0,0,0,1,0,20200725,20200815
RTL320-6-Su-01,0,0,0,0,0,0,1,20200802,20200802
RTL320-6-Su-01-OrgSkpNrhStnNrd,0,0,0,0,0,0,1,20200823,20200823
RTL320-6-Su-01-OrgSkpNrhStnStd,0,0,0,0,0,0,1,20200726,20200816
RTL320-8-Su-01,0,0,0,0,0,0,1,20200726,20200823
RTL320-9-Wdy-01,0,0,0,0,1,0,0,20200724,20200828
RTL320-A-Wdy-01,1,1,1,1,0,0,0,20200727,20200827
SummerSaturday,0,0,0,0,0,1,0,20200725,20200829
SummerWeekday,1,1,1,1,1,0,0,20200817,20200828
